177479 1273033710 6.99693223010603 50.9981837926238
177479 1273033711 6.9969328559675885 50.99812387343076 #INTERPOLATE POINT
177479 1273033712 6.996933481829147 50.998063954237715 #INTERPOLATE POINT
177479 1273033713 6.996934107690705 50.99800403504467 #INTERPOLATE POINT
177479 1273033714 6.996934733552263 50.99794411585163 #INTERPOLATE POINT
177479 1273033715 6.996935359413821 50.99788419665859 #INTERPOLATE POINT
177479 1273033716 6.996935985275379 50.99782427746555 #INTERPOLATE POINT
177479 1273033717 6.996936611136937 50.997764358272505 #INTERPOLATE POINT
177479 1273033718 6.9969372369984955 50.99770443907946 #INTERPOLATE POINT
177479 1273033719 6.996937862860054 50.99764451988642 #INTERPOLATE POINT
177479 1273033720 6.99693848872161 50.9975846006934 #LAST INTERPOLATE POINT
177479 1273033721 6.996950761656592 50.99742280995347 #INTERPOLATE POINT
177479 1273033722 6.996963034591574 50.99726101921354 #INTERPOLATE POINT
177479 1273033723 6.996975307526556 50.99709922847361 #INTERPOLATE POINT
177479 1273033724 6.996987580461538 50.99693743773368 #INTERPOLATE POINT
177479 1273033725 6.99699985339652 50.99677564699375 #INTERPOLATE POINT
177479 1273033726 6.997012126331502 50.996613856253816 #INTERPOLATE POINT
177479 1273033727 6.9970243992664845 50.996452065513886 #INTERPOLATE POINT
177479 1273033728 6.9970366722014665 50.996290274773955 #INTERPOLATE POINT
177479 1273033729 6.997048945136449 50.996128484034024 #INTERPOLATE POINT
177479 1273033730 6.99706121807143 50.9959666932941 #LAST INTERPOLATE POINT
177479 1273033731 6.9971128191619325 50.99580048444507 #INTERPOLATE POINT
177479 1273033732 6.997164420252435 50.99563427559604 #INTERPOLATE POINT
177479 1273033733 6.997216021342938 50.99546806674701 #INTERPOLATE POINT
177479 1273033734 6.997267622433441 50.99530185789798 #INTERPOLATE POINT
177479 1273033735 6.997319223523943 50.99513564904895 #INTERPOLATE POINT
177479 1273033736 6.997370824614446 50.99496944019992 #INTERPOLATE POINT
177479 1273033737 6.997422425704949 50.994803231350886 #INTERPOLATE POINT
177479 1273033738 6.997474026795452 50.994637022501855 #INTERPOLATE POINT
177479 1273033739 6.997525627885954 50.994470813652825 #INTERPOLATE POINT
177479 1273033740 6.99757722897646 50.9943046048038 #LAST INTERPOLATE POINT
177479 1273033741 6.997637514239395 50.99413732839668 #INTERPOLATE POINT
177479 1273033742 6.99769779950233 50.993970051989564 #INTERPOLATE POINT
177479 1273033743 6.997758084765264 50.993802775582445 #INTERPOLATE POINT
177479 1273033744 6.997818370028199 50.993635499175326 #INTERPOLATE POINT
177479 1273033745 6.997878655291133 50.99346822276821 #INTERPOLATE POINT
177479 1273033746 6.997938940554068 50.99330094636109 #INTERPOLATE POINT
177479 1273033747 6.9979992258170025 50.99313366995397 #INTERPOLATE POINT
177479 1273033748 6.998059511079937 50.99296639354685 #INTERPOLATE POINT
177479 1273033749 6.998119796342872 50.99279911713973 #INTERPOLATE POINT
177479 1273033750 6.99818008160581 50.9926318407326 #LAST INTERPOLATE POINT
177479 1273033751 6.998242275026356 50.99246610329304 #INTERPOLATE POINT
177479 1273033752 6.998304468446902 50.99230036585348 #INTERPOLATE POINT
177479 1273033753 6.998366661867448 50.99213462841392 #INTERPOLATE POINT
177479 1273033754 6.998428855287994 50.99196889097436 #INTERPOLATE POINT
177479 1273033755 6.99849104870854 50.9918031535348 #INTERPOLATE POINT
177479 1273033756 6.998553242129086 50.991637416095244 #INTERPOLATE POINT
177479 1273033757 6.998615435549632 50.991471678655685 #INTERPOLATE POINT
177479 1273033758 6.998677628970178 50.991305941216126 #INTERPOLATE POINT
177479 1273033759 6.998739822390724 50.99114020377657 #INTERPOLATE POINT
177479 1273033760 6.99880201581127 50.990974466337 #LAST INTERPOLATE POINT
177479 1273033761 6.998861276785836 50.99079612336195 #INTERPOLATE POINT
177479 1273033762 6.998920537760402 50.990617780386906 #INTERPOLATE POINT
177479 1273033763 6.998979798734967 50.99043943741186 #INTERPOLATE POINT
177479 1273033764 6.999039059709533 50.99026109443681 #INTERPOLATE POINT
177479 1273033765 6.999098320684099 50.99008275146176 #INTERPOLATE POINT
177479 1273033766 6.999157581658665 50.989904408486716 #INTERPOLATE POINT
177479 1273033767 6.99921684263323 50.98972606551167 #INTERPOLATE POINT
177479 1273033768 6.999276103607796 50.98954772253662 #INTERPOLATE POINT
177479 1273033769 6.999335364582362 50.98936937956157 #INTERPOLATE POINT
177479 1273033770 6.99939462555693 50.9891910365865 #LAST INTERPOLATE POINT
177479 1273033771 6.999397542226367 50.98902165203303 #INTERPOLATE POINT
177479 1273033772 6.999400458895804 50.98885226747956 #INTERPOLATE POINT
177479 1273033773 6.99940337556524 50.988682882926085 #INTERPOLATE POINT
177479 1273033774 6.999406292234677 50.98851349837261 #INTERPOLATE POINT
177479 1273033775 6.9994092089041136 50.98834411381914 #INTERPOLATE POINT
177479 1273033776 6.99941212557355 50.988174729265666 #INTERPOLATE POINT
177479 1273033777 6.999415042242987 50.98800534471219 #INTERPOLATE POINT
177479 1273033778 6.9994179589124235 50.98783596015872 #INTERPOLATE POINT
177479 1273033779 6.99942087558186 50.987666575605246 #INTERPOLATE POINT
177479 1273033780 6.9994237922513 50.9874971910518 #LAST INTERPOLATE POINT
177479 1273033781 6.999424633617688 50.9872891508272 #INTERPOLATE POINT
177479 1273033782 6.9994254749840765 50.9870811106026 #INTERPOLATE POINT
177479 1273033783 6.999426316350465 50.986873070378 #INTERPOLATE POINT
177479 1273033784 6.999427157716853 50.986665030153404 #INTERPOLATE POINT
177479 1273033785 6.999427999083241 50.986456989928804 #INTERPOLATE POINT
177479 1273033786 6.999428840449629 50.986248949704205 #INTERPOLATE POINT
177479 1273033787 6.999429681816017 50.986040909479605 #INTERPOLATE POINT
177479 1273033788 6.999430523182405 50.985832869255006 #INTERPOLATE POINT
177479 1273033789 6.999431364548793 50.98562482903041 #INTERPOLATE POINT
177479 1273033790 6.99943220591518 50.9854167888058 #LAST INTERPOLATE POINT
177479 1273033791 6.999483557686702 50.98525031138993 #INTERPOLATE POINT
177479 1273033792 6.999534909458224 50.985083833974066 #INTERPOLATE POINT
177479 1273033793 6.999586261229746 50.9849173565582 #INTERPOLATE POINT
177479 1273033794 6.999637613001268 50.98475087914233 #INTERPOLATE POINT
177479 1273033795 6.9996889647727905 50.984584401726465 #INTERPOLATE POINT
177479 1273033796 6.999740316544313 50.9844179243106 #INTERPOLATE POINT
177479 1273033797 6.999791668315835 50.98425144689473 #INTERPOLATE POINT
177479 1273033798 6.999843020087357 50.984084969478864 #INTERPOLATE POINT
177479 1273033799 6.999894371858879 50.983918492063 #INTERPOLATE POINT
177479 1273033800 6.9999457236304 50.9837520146471 #LAST INTERPOLATE POINT
177479 1273033801 7.000030590064544 50.98359069904076 #INTERPOLATE POINT
177479 1273033802 7.000115456498687 50.98342938343442 #INTERPOLATE POINT
177479 1273033803 7.00020032293283 50.98326806782808 #INTERPOLATE POINT
177479 1273033804 7.0002851893669735 50.98310675222174 #INTERPOLATE POINT
177479 1273033805 7.000370055801117 50.982945436615395 #INTERPOLATE POINT
177479 1273033806 7.00045492223526 50.982784121009054 #INTERPOLATE POINT
177479 1273033807 7.000539788669403 50.98262280540271 #INTERPOLATE POINT
177479 1273033808 7.000624655103547 50.98246148979637 #INTERPOLATE POINT
177479 1273033809 7.00070952153769 50.98230017419003 #INTERPOLATE POINT
177479 1273033810 7.00079438797183 50.9821388585837 #LAST INTERPOLATE POINT
177479 1273033811 7.000899098616836 50.98198275395532 #INTERPOLATE POINT
177479 1273033812 7.001003809261842 50.98182664932694 #INTERPOLATE POINT
177479 1273033813 7.001108519906849 50.98167054469856 #INTERPOLATE POINT
177479 1273033814 7.001213230551855 50.98151444007018 #INTERPOLATE POINT
177479 1273033815 7.001317941196861 50.9813583354418 #INTERPOLATE POINT
177479 1273033816 7.001422651841867 50.981202230813416 #INTERPOLATE POINT
177479 1273033817 7.001527362486874 50.981046126185035 #INTERPOLATE POINT
177479 1273033818 7.00163207313188 50.980890021556654 #INTERPOLATE POINT
177479 1273033819 7.001736783776886 50.98073391692827 #INTERPOLATE POINT
177479 1273033820 7.00184149442189 50.9805778122999 #LAST INTERPOLATE POINT
177479 1273033821 7.0019359505419 50.980432211975476 #INTERPOLATE POINT
177479 1273033822 7.00203040666191 50.98028661165105 #INTERPOLATE POINT
177479 1273033823 7.00212486278192 50.98014101132663 #INTERPOLATE POINT
177479 1273033824 7.00221931890193 50.97999541100221 #INTERPOLATE POINT
177479 1273033825 7.00231377502194 50.979849810677784 #INTERPOLATE POINT
177479 1273033826 7.00240823114195 50.97970421035336 #INTERPOLATE POINT
177479 1273033827 7.00250268726196 50.97955861002894 #INTERPOLATE POINT
177479 1273033828 7.00259714338197 50.979413009704516 #INTERPOLATE POINT
177479 1273033829 7.00269159950198 50.97926740938009 #INTERPOLATE POINT
177479 1273033830 7.00278605562199 50.9791218090557 #LAST INTERPOLATE POINT
177479 1273033831 7.002849915244723 50.979009393257606 #INTERPOLATE POINT
177479 1273033832 7.002913774867456 50.97889697745951 #INTERPOLATE POINT
177479 1273033833 7.002977634490189 50.97878456166142 #INTERPOLATE POINT
177479 1273033834 7.003041494112922 50.97867214586333 #INTERPOLATE POINT
177479 1273033835 7.003105353735655 50.978559730065236 #INTERPOLATE POINT
177479 1273033836 7.003169213358388 50.97844731426714 #INTERPOLATE POINT
177479 1273033837 7.0032330729811205 50.97833489846905 #INTERPOLATE POINT
177479 1273033838 7.003296932603853 50.97822248267096 #INTERPOLATE POINT
177479 1273033839 7.003360792226586 50.978110066872866 #INTERPOLATE POINT
177479 1273033840 7.00342465184932 50.9779976510748 #LAST INTERPOLATE POINT
177479 1273033841 7.0034951940921255 50.97787516812849 #INTERPOLATE POINT
177479 1273033842 7.003565736334931 50.97775268518218 #INTERPOLATE POINT
177479 1273033843 7.003636278577736 50.97763020223587 #INTERPOLATE POINT
177479 1273033844 7.0037068208205415 50.97750771928956 #INTERPOLATE POINT
177479 1273033845 7.003777363063347 50.97738523634325 #INTERPOLATE POINT
177479 1273033846 7.003847905306152 50.97726275339694 #INTERPOLATE POINT
177479 1273033847 7.0039184475489575 50.97714027045063 #INTERPOLATE POINT
177479 1273033848 7.003988989791763 50.97701778750432 #INTERPOLATE POINT
177479 1273033849 7.004059532034568 50.97689530455801 #INTERPOLATE POINT
177479 1273033850 7.00413007427737 50.9767728216117 #LAST INTERPOLATE POINT
177479 1273033851 7.004209467226903 50.97667407547231 #INTERPOLATE POINT
177479 1273033852 7.004288860176436 50.97657532933292 #INTERPOLATE POINT
177479 1273033853 7.004368253125969 50.976476583193524 #INTERPOLATE POINT
177479 1273033854 7.004447646075501 50.97637783705413 #INTERPOLATE POINT
177479 1273033855 7.004527039025034 50.97627909091474 #INTERPOLATE POINT
177479 1273033856 7.004606431974567 50.976180344775344 #INTERPOLATE POINT
177479 1273033857 7.0046858249241 50.97608159863595 #INTERPOLATE POINT
177479 1273033858 7.004765217873633 50.97598285249656 #INTERPOLATE POINT
177479 1273033859 7.004844610823166 50.975884106357164 #INTERPOLATE POINT
177479 1273033860 7.0049240037727 50.9757853602178 #LAST INTERPOLATE POINT
177479 1273033861 7.005035169784986 50.975840216541876 #INTERPOLATE POINT
177479 1273033862 7.0051463357972725 50.97589507286595 #INTERPOLATE POINT
177479 1273033863 7.005257501809559 50.97594992919003 #INTERPOLATE POINT
177479 1273033864 7.005368667821845 50.97600478551411 #INTERPOLATE POINT
177479 1273033865 7.005479833834131 50.976059641838184 #INTERPOLATE POINT
177479 1273033866 7.005590999846417 50.97611449816226 #INTERPOLATE POINT
177479 1273033867 7.005702165858703 50.97616935448634 #INTERPOLATE POINT
177479 1273033868 7.005813331870989 50.976224210810415 #INTERPOLATE POINT
177479 1273033869 7.005924497883275 50.97627906713449 #INTERPOLATE POINT
177479 1273033870 7.00603566389556 50.9763339234586 #LAST INTERPOLATE POINT
177479 1273033871 7.00620347085577 50.976478176074735 #INTERPOLATE POINT
177479 1273033872 7.00637127781598 50.976622428690874 #INTERPOLATE POINT
177479 1273033873 7.00653908477619 50.97676668130701 #INTERPOLATE POINT
177479 1273033874 7.0067068917364 50.97691093392315 #INTERPOLATE POINT
177479 1273033875 7.00687469869661 50.97705518653929 #INTERPOLATE POINT
177479 1273033876 7.00704250565682 50.97719943915543 #INTERPOLATE POINT
177479 1273033877 7.00721031261703 50.977343691771566 #INTERPOLATE POINT
177479 1273033878 7.00737811957724 50.977487944387704 #INTERPOLATE POINT
177479 1273033879 7.00754592653745 50.97763219700384 #INTERPOLATE POINT
177479 1273033880 7.00771373349766 50.97777644962 #LAST INTERPOLATE POINT
177479 1273033881 7.007944828989726 50.97797297893127 #INTERPOLATE POINT
177479 1273033882 7.008175924481792 50.97816950824254 #INTERPOLATE POINT
177479 1273033883 7.008407019973858 50.978366037553805 #INTERPOLATE POINT
177479 1273033884 7.008638115465924 50.97856256686507 #INTERPOLATE POINT
177479 1273033885 7.00886921095799 50.97875909617634 #INTERPOLATE POINT
177479 1273033886 7.0091003064500566 50.97895562548761 #INTERPOLATE POINT
177479 1273033887 7.009331401942123 50.979152154798875 #INTERPOLATE POINT
177479 1273033888 7.009562497434189 50.97934868411014 #INTERPOLATE POINT
177479 1273033889 7.009793592926255 50.97954521342141 #INTERPOLATE POINT
177479 1273033890 7.01002468841832 50.9797417427327 #LAST INTERPOLATE POINT
177479 1273033891 7.010273545426515 50.97992288928903 #INTERPOLATE POINT
177479 1273033892 7.01052240243471 50.98010403584536 #INTERPOLATE POINT
177479 1273033893 7.0107712594429055 50.98028518240169 #INTERPOLATE POINT
177479 1273033894 7.011020116451101 50.980466328958016 #INTERPOLATE POINT
177479 1273033895 7.011268973459296 50.980647475514346 #INTERPOLATE POINT
177479 1273033896 7.011517830467491 50.980828622070675 #INTERPOLATE POINT
177479 1273033897 7.011766687475686 50.981009768627004 #INTERPOLATE POINT
177479 1273033898 7.012015544483881 50.98119091518333 #INTERPOLATE POINT
177479 1273033899 7.012264401492076 50.98137206173966 #INTERPOLATE POINT
177479 1273033900 7.01251325850027 50.981553208296 #LAST INTERPOLATE POINT
177479 1273033901 7.01270126922042 50.98165234843881 #INTERPOLATE POINT
177479 1273033902 7.01288927994057 50.981751488581615 #INTERPOLATE POINT
177479 1273033903 7.0130772906607195 50.98185062872442 #INTERPOLATE POINT
177479 1273033904 7.013265301380869 50.98194976886723 #INTERPOLATE POINT
177479 1273033905 7.013453312101019 50.98204890901004 #INTERPOLATE POINT
177479 1273033906 7.013641322821169 50.98214804915285 #INTERPOLATE POINT
177479 1273033907 7.013829333541318 50.982247189295656 #INTERPOLATE POINT
177479 1273033908 7.014017344261468 50.982346329438464 #INTERPOLATE POINT
177479 1273033909 7.014205354981618 50.98244546958127 #INTERPOLATE POINT
177479 1273033910 7.01439336570177 50.9825446097241 #LAST INTERPOLATE POINT
177479 1273033911 7.014428760722186 50.98264532496374 #INTERPOLATE POINT
177479 1273033912 7.014464155742602 50.98274604020338 #INTERPOLATE POINT
177479 1273033913 7.014499550763018 50.98284675544302 #INTERPOLATE POINT
177479 1273033914 7.014534945783434 50.98294747068266 #INTERPOLATE POINT
177479 1273033915 7.01457034080385 50.9830481859223 #INTERPOLATE POINT
177479 1273033916 7.014605735824266 50.98314890116194 #INTERPOLATE POINT
177479 1273033917 7.014641130844682 50.98324961640158 #INTERPOLATE POINT
177479 1273033918 7.014676525865098 50.98335033164122 #INTERPOLATE POINT
177479 1273033919 7.014711920885514 50.98345104688086 #INTERPOLATE POINT
177479 1273033920 7.01474731590593 50.9835517621205 #LAST INTERPOLATE POINT
177479 1273033921 7.0149597548035585 50.9834907603811 #INTERPOLATE POINT
177479 1273033922 7.015172193701187 50.983429758641705 #INTERPOLATE POINT
177479 1273033923 7.015384632598816 50.98336875690231 #INTERPOLATE POINT
177479 1273033924 7.015597071496445 50.98330775516291 #INTERPOLATE POINT
177479 1273033925 7.015809510394074 50.983246753423515 #INTERPOLATE POINT
177479 1273033926 7.016021949291702 50.98318575168412 #INTERPOLATE POINT
177479 1273033927 7.016234388189331 50.98312474994472 #INTERPOLATE POINT
177479 1273033928 7.01644682708696 50.983063748205325 #INTERPOLATE POINT
177479 1273033929 7.016659265984589 50.98300274646593 #INTERPOLATE POINT
177479 1273033930 7.01687170488222 50.9829417447265 #LAST INTERPOLATE POINT
177479 1273033931 7.016927449748714 50.982896822803895 #INTERPOLATE POINT
177479 1273033932 7.016983194615207 50.982851900881286 #INTERPOLATE POINT
177479 1273033933 7.017038939481701 50.98280697895868 #INTERPOLATE POINT
177479 1273033934 7.017094684348194 50.98276205703607 #INTERPOLATE POINT
177479 1273033935 7.017150429214688 50.98271713511346 #INTERPOLATE POINT
177479 1273033936 7.017206174081181 50.98267221319085 #INTERPOLATE POINT
177479 1273033937 7.017261918947675 50.982627291268244 #INTERPOLATE POINT
177479 1273033938 7.017317663814168 50.982582369345636 #INTERPOLATE POINT
177479 1273033939 7.017373408680662 50.98253744742303 #INTERPOLATE POINT
177479 1273033940 7.01742915354716 50.9824925255004 #LAST INTERPOLATE POINT
177479 1273033941 7.017524171354631 50.98241932780922 #INTERPOLATE POINT
177479 1273033942 7.017619189162102 50.98234613011804 #INTERPOLATE POINT
177479 1273033943 7.017714206969573 50.98227293242686 #INTERPOLATE POINT
177479 1273033944 7.017809224777044 50.98219973473568 #INTERPOLATE POINT
177479 1273033945 7.017904242584515 50.9821265370445 #INTERPOLATE POINT
177479 1273033946 7.017999260391986 50.98205333935332 #INTERPOLATE POINT
177479 1273033947 7.018094278199457 50.98198014166214 #INTERPOLATE POINT
177479 1273033948 7.018189296006928 50.98190694397096 #INTERPOLATE POINT
177479 1273033949 7.018284313814399 50.98183374627978 #INTERPOLATE POINT
177479 1273033950 7.01837933162187 50.9817605485886 #LAST INTERPOLATE POINT
177479 1273033951 7.018611770678681 50.98160506231455 #INTERPOLATE POINT
177479 1273033952 7.018844209735492 50.9814495760405 #INTERPOLATE POINT
177479 1273033953 7.019076648792303 50.98129408976644 #INTERPOLATE POINT
177479 1273033954 7.019309087849114 50.98113860349239 #INTERPOLATE POINT
177479 1273033955 7.0195415269059245 50.98098311721834 #INTERPOLATE POINT
177479 1273033956 7.019773965962735 50.98082763094428 #INTERPOLATE POINT
177479 1273033957 7.020006405019546 50.98067214467023 #INTERPOLATE POINT
177479 1273033958 7.020238844076357 50.980516658396176 #INTERPOLATE POINT
177479 1273033959 7.020471283133168 50.98036117212212 #INTERPOLATE POINT
177479 1273033960 7.02070372218998 50.9802056858481 #LAST INTERPOLATE POINT
177479 1273033961 7.021054821042824 50.9799848213221 #INTERPOLATE POINT
177479 1273033962 7.021405919895669 50.9797639567961 #INTERPOLATE POINT
177479 1273033963 7.021757018748513 50.9795430922701 #INTERPOLATE POINT
177479 1273033964 7.022108117601357 50.9793222277441 #INTERPOLATE POINT
177479 1273033965 7.022459216454202 50.9791013632181 #INTERPOLATE POINT
177479 1273033966 7.022810315307046 50.9788804986921 #INTERPOLATE POINT
177479 1273033967 7.02316141415989 50.9786596341661 #INTERPOLATE POINT
177479 1273033968 7.023512513012735 50.9784387696401 #INTERPOLATE POINT
177479 1273033969 7.023863611865579 50.9782179051141 #INTERPOLATE POINT
177479 1273033970 7.02421471071842 50.9779970405881 #LAST INTERPOLATE POINT
177479 1273033971 7.0245591282461834 50.97768164219568 #INTERPOLATE POINT
177479 1273033972 7.024903545773947 50.97736624380326 #INTERPOLATE POINT
177479 1273033973 7.025247963301711 50.977050845410844 #INTERPOLATE POINT
177479 1273033974 7.025592380829474 50.97673544701843 #INTERPOLATE POINT
177479 1273033975 7.025936798357238 50.97642004862601 #INTERPOLATE POINT
177479 1273033976 7.026281215885001 50.976104650233594 #INTERPOLATE POINT
177479 1273033977 7.026625633412765 50.97578925184118 #INTERPOLATE POINT
177479 1273033978 7.026970050940529 50.97547385344876 #INTERPOLATE POINT
177479 1273033979 7.027314468468292 50.975158455056345 #INTERPOLATE POINT
177479 1273033980 7.02765888599606 50.9748430566639 #LAST INTERPOLATE POINT
177479 1273033981 7.0278403542505625 50.97445871840283 #INTERPOLATE POINT
177479 1273033982 7.028021822505065 50.97407438014176 #INTERPOLATE POINT
177479 1273033983 7.028203290759567 50.97369004188069 #INTERPOLATE POINT
177479 1273033984 7.028384759014069 50.973305703619616 #INTERPOLATE POINT
177479 1273033985 7.028566227268572 50.972921365358545 #INTERPOLATE POINT
177479 1273033986 7.028747695523074 50.972537027097474 #INTERPOLATE POINT
177479 1273033987 7.028929163777576 50.9721526888364 #INTERPOLATE POINT
177479 1273033988 7.029110632032078 50.97176835057533 #INTERPOLATE POINT
177479 1273033989 7.029292100286581 50.97138401231426 #INTERPOLATE POINT
177479 1273033990 7.02947356854108 50.9709996740532 #LAST INTERPOLATE POINT
177479 1273033991 7.029617425185207 50.97061326104697 #INTERPOLATE POINT
177479 1273033992 7.029761281829334 50.97022684804074 #INTERPOLATE POINT
177479 1273033993 7.0299051384734605 50.969840435034506 #INTERPOLATE POINT
177479 1273033994 7.030048995117587 50.96945402202827 #INTERPOLATE POINT
177479 1273033995 7.030192851761714 50.96906760902204 #INTERPOLATE POINT
177479 1273033996 7.030336708405841 50.96868119601581 #INTERPOLATE POINT
177479 1273033997 7.0304805650499675 50.968294783009576 #INTERPOLATE POINT
177479 1273033998 7.030624421694094 50.96790837000334 #INTERPOLATE POINT
177479 1273033999 7.030768278338221 50.96752195699711 #INTERPOLATE POINT
177479 1273034000 7.03091213498235 50.9671355439909 #LAST INTERPOLATE POINT
177479 1273034001 7.031060611393213 50.96674935526716 #INTERPOLATE POINT
177479 1273034002 7.031209087804076 50.966363166543424 #INTERPOLATE POINT
177479 1273034003 7.031357564214939 50.965976977819686 #INTERPOLATE POINT
177479 1273034004 7.031506040625802 50.96559078909595 #INTERPOLATE POINT
177479 1273034005 7.031654517036665 50.96520460037221 #INTERPOLATE POINT
177479 1273034006 7.031802993447528 50.96481841164847 #INTERPOLATE POINT
177479 1273034007 7.031951469858391 50.964432222924735 #INTERPOLATE POINT
177479 1273034008 7.032099946269254 50.964046034201 #INTERPOLATE POINT
177479 1273034009 7.032248422680117 50.96365984547726 #INTERPOLATE POINT
177479 1273034010 7.03239689909098 50.9632736567535 #LAST INTERPOLATE POINT
177479 1273034011 7.032510079909021 50.962963093536274 #INTERPOLATE POINT
177479 1273034012 7.032623260727062 50.96265253031905 #INTERPOLATE POINT
177479 1273034013 7.0327364415451035 50.96234196710182 #INTERPOLATE POINT
177479 1273034014 7.032849622363145 50.962031403884595 #INTERPOLATE POINT
177479 1273034015 7.032962803181186 50.96172084066737 #INTERPOLATE POINT
177479 1273034016 7.033075983999227 50.96141027745014 #INTERPOLATE POINT
177479 1273034017 7.033189164817268 50.961099714232915 #INTERPOLATE POINT
177479 1273034018 7.03330234563531 50.96078915101569 #INTERPOLATE POINT
177479 1273034019 7.033415526453351 50.96047858779846 #INTERPOLATE POINT
177479 1273034020 7.03352870727139 50.9601680245812 #LAST INTERPOLATE POINT
177479 1273034021 7.033601439467128 50.95997828784171 #INTERPOLATE POINT
177479 1273034022 7.033674171662865 50.959788551102214 #INTERPOLATE POINT
177479 1273034023 7.033746903858602 50.95959881436272 #INTERPOLATE POINT
177479 1273034024 7.033819636054339 50.95940907762323 #INTERPOLATE POINT
177479 1273034025 7.0338923682500765 50.959219340883735 #INTERPOLATE POINT
177479 1273034026 7.033965100445814 50.95902960414424 #INTERPOLATE POINT
177479 1273034027 7.034037832641551 50.95883986740475 #INTERPOLATE POINT
177479 1273034028 7.034110564837288 50.958650130665255 #INTERPOLATE POINT
177479 1273034029 7.034183297033025 50.95846039392576 #INTERPOLATE POINT
177479 1273034030 7.03425602922876 50.9582706571863 #LAST INTERPOLATE POINT
177479 1273034031 7.034310649293378 50.95809083986513 #INTERPOLATE POINT
177479 1273034032 7.034365269357996 50.95791102254396 #INTERPOLATE POINT
177479 1273034033 7.0344198894226135 50.95773120522279 #INTERPOLATE POINT
177479 1273034034 7.034474509487231 50.957551387901624 #INTERPOLATE POINT
177479 1273034035 7.034529129551849 50.957371570580456 #INTERPOLATE POINT
177479 1273034036 7.034583749616467 50.95719175325929 #INTERPOLATE POINT
177479 1273034037 7.034638369681085 50.95701193593812 #INTERPOLATE POINT
177479 1273034038 7.034692989745703 50.95683211861695 #INTERPOLATE POINT
177479 1273034039 7.034747609810321 50.95665230129578 #INTERPOLATE POINT
177479 1273034040 7.03480222987494 50.9564724839746 #LAST INTERPOLATE POINT
177479 1273034041 7.034801675477303 50.95632436898016 #INTERPOLATE POINT
177479 1273034042 7.034801121079666 50.956176253985724 #INTERPOLATE POINT
177479 1273034043 7.034800566682029 50.956028138991286 #INTERPOLATE POINT
177479 1273034044 7.034800012284392 50.95588002399685 #INTERPOLATE POINT
177479 1273034045 7.034799457886755 50.95573190900241 #INTERPOLATE POINT
177479 1273034046 7.034798903489118 50.95558379400797 #INTERPOLATE POINT
177479 1273034047 7.0347983490914805 50.95543567901353 #INTERPOLATE POINT
177479 1273034048 7.034797794693843 50.955287564019095 #INTERPOLATE POINT
177479 1273034049 7.034797240296206 50.95513944902466 #INTERPOLATE POINT
177479 1273034050 7.03479668589857 50.9549913340302 #LAST INTERPOLATE POINT
177479 1273034051 7.034877547137728 50.95484546331654 #INTERPOLATE POINT
177479 1273034052 7.034958408376886 50.95469959260288 #INTERPOLATE POINT
177479 1273034053 7.0350392696160435 50.95455372188922 #INTERPOLATE POINT
177479 1273034054 7.035120130855201 50.95440785117556 #INTERPOLATE POINT
177479 1273034055 7.035200992094359 50.9542619804619 #INTERPOLATE POINT
177479 1273034056 7.035281853333517 50.95411610974824 #INTERPOLATE POINT
177479 1273034057 7.035362714572675 50.95397023903458 #INTERPOLATE POINT
177479 1273034058 7.035443575811833 50.95382436832092 #INTERPOLATE POINT
177479 1273034059 7.035524437050991 50.953678497607264 #INTERPOLATE POINT
177479 1273034060 7.03560529829015 50.9535326268936 #LAST INTERPOLATE POINT
177479 1273034061 7.03584494052788 50.95341500709507 #INTERPOLATE POINT
177479 1273034062 7.036084582765609 50.95329738729654 #INTERPOLATE POINT
177479 1273034063 7.036324225003338 50.95317976749801 #INTERPOLATE POINT
177479 1273034064 7.0365638672410675 50.95306214769948 #INTERPOLATE POINT
177479 1273034065 7.036803509478797 50.95294452790095 #INTERPOLATE POINT
177479 1273034066 7.037043151716526 50.952826908102416 #INTERPOLATE POINT
177479 1273034067 7.0372827939542555 50.952709288303886 #INTERPOLATE POINT
177479 1273034068 7.037522436191985 50.952591668505356 #INTERPOLATE POINT
177479 1273034069 7.037762078429714 50.952474048706826 #INTERPOLATE POINT
177479 1273034070 7.03800172066744 50.9523564289083 #LAST INTERPOLATE POINT
177479 1273034071 7.038303697835573 50.952370293718985 #INTERPOLATE POINT
177479 1273034072 7.038605675003707 50.95238415852967 #INTERPOLATE POINT
177479 1273034073 7.03890765217184 50.95239802334035 #INTERPOLATE POINT
177479 1273034074 7.0392096293399735 50.95241188815103 #INTERPOLATE POINT
177479 1273034075 7.039511606508107 50.952425752961716 #INTERPOLATE POINT
177479 1273034076 7.03981358367624 50.9524396177724 #INTERPOLATE POINT
177479 1273034077 7.040115560844374 50.95245348258308 #INTERPOLATE POINT
177479 1273034078 7.040417538012507 50.952467347393764 #INTERPOLATE POINT
177479 1273034079 7.0407195151806405 50.95248121220445 #INTERPOLATE POINT
177479 1273034080 7.04102149234877 50.9524950770151 #LAST INTERPOLATE POINT
177479 1273034081 7.041280418221791 50.95253829162292 #INTERPOLATE POINT
177479 1273034082 7.0415393440948115 50.95258150623074 #INTERPOLATE POINT
177479 1273034083 7.041798269967832 50.952624720838564 #INTERPOLATE POINT
177479 1273034084 7.042057195840853 50.952667935446385 #INTERPOLATE POINT
177479 1273034085 7.042316121713873 50.952711150054206 #INTERPOLATE POINT
177479 1273034086 7.042575047586894 50.95275436466203 #INTERPOLATE POINT
177479 1273034087 7.042833973459914 50.95279757926985 #INTERPOLATE POINT
177479 1273034088 7.043092899332935 50.95284079387767 #INTERPOLATE POINT
177479 1273034089 7.0433518252059555 50.95288400848549 #INTERPOLATE POINT
177479 1273034090 7.04361075107898 50.9529272230933 #LAST INTERPOLATE POINT
177479 1273034091 7.0437532558402305 50.95292572305084 #INTERPOLATE POINT
177479 1273034092 7.043895760601481 50.95292422300838 #INTERPOLATE POINT
177479 1273034093 7.044038265362732 50.95292272296592 #INTERPOLATE POINT
177479 1273034094 7.044180770123983 50.952921222923464 #INTERPOLATE POINT
177479 1273034095 7.044323274885234 50.952919722881006 #INTERPOLATE POINT
177479 1273034096 7.044465779646485 50.95291822283855 #INTERPOLATE POINT
177479 1273034097 7.044608284407736 50.95291672279609 #INTERPOLATE POINT
177479 1273034098 7.044750789168987 50.95291522275363 #INTERPOLATE POINT
177479 1273034099 7.0448932939302376 50.95291372271117 #INTERPOLATE POINT
177479 1273034100 7.04503579869149 50.9529122226687 #LAST INTERPOLATE POINT
177479 1273034101 7.045328522381622 50.95287841808076 #INTERPOLATE POINT
177479 1273034102 7.045621246071754 50.952844613492815 #INTERPOLATE POINT
177479 1273034103 7.0459139697618856 50.95281080890487 #INTERPOLATE POINT
177479 1273034104 7.046206693452017 50.95277700431693 #INTERPOLATE POINT
177479 1273034105 7.046499417142149 50.952743199728985 #INTERPOLATE POINT
177479 1273034106 7.046792140832281 50.95270939514104 #INTERPOLATE POINT
177479 1273034107 7.047084864522413 50.9526755905531 #INTERPOLATE POINT
177479 1273034108 7.0473775882125445 50.952641785965156 #INTERPOLATE POINT
177479 1273034109 7.047670311902676 50.95260798137721 #INTERPOLATE POINT
177479 1273034110 7.04796303559281 50.9525741767893 #LAST INTERPOLATE POINT
177479 1273034111 7.048218107075172 50.952539175543365 #INTERPOLATE POINT
177479 1273034112 7.0484731785575345 50.95250417429743 #INTERPOLATE POINT
177479 1273034113 7.048728250039897 50.9524691730515 #INTERPOLATE POINT
177479 1273034114 7.048983321522259 50.952434171805564 #INTERPOLATE POINT
177479 1273034115 7.049238393004622 50.95239917055963 #INTERPOLATE POINT
177479 1273034116 7.049493464486984 50.9523641693137 #INTERPOLATE POINT
177479 1273034117 7.049748535969346 50.95232916806776 #INTERPOLATE POINT
177479 1273034118 7.050003607451709 50.95229416682183 #INTERPOLATE POINT
177479 1273034119 7.050258678934071 50.952259165575896 #INTERPOLATE POINT
177479 1273034120 7.05051375041643 50.95222416433 #LAST INTERPOLATE POINT
177479 1273034121 7.050683966472538 50.952195333139876 #INTERPOLATE POINT
177479 1273034122 7.050854182528646 50.952166501949755 #INTERPOLATE POINT
177479 1273034123 7.051024398584754 50.95213767075963 #INTERPOLATE POINT
177479 1273034124 7.0511946146408615 50.95210883956951 #INTERPOLATE POINT
177479 1273034125 7.051364830696969 50.95208000837939 #INTERPOLATE POINT
177479 1273034126 7.051535046753077 50.95205117718927 #INTERPOLATE POINT
177479 1273034127 7.051705262809185 50.95202234599915 #INTERPOLATE POINT
177479 1273034128 7.051875478865293 50.951993514809025 #INTERPOLATE POINT
177479 1273034129 7.052045694921401 50.951964683618904 #INTERPOLATE POINT
177479 1273034130 7.05221591097751 50.9519358524288 #LAST INTERPOLATE POINT
177479 1273034131 7.0525234245152735 50.951888122134086 #INTERPOLATE POINT
177479 1273034132 7.052830938053037 50.951840391839376 #INTERPOLATE POINT
177479 1273034133 7.053138451590801 50.951792661544665 #INTERPOLATE POINT
177479 1273034134 7.053445965128565 50.951744931249955 #INTERPOLATE POINT
177479 1273034135 7.053753478666328 50.951697200955245 #INTERPOLATE POINT
177479 1273034136 7.054060992204092 50.951649470660534 #INTERPOLATE POINT
177479 1273034137 7.054368505741856 50.951601740365824 #INTERPOLATE POINT
177479 1273034138 7.054676019279619 50.95155401007111 #INTERPOLATE POINT
177479 1273034139 7.054983532817383 50.9515062797764 #INTERPOLATE POINT
177479 1273034140 7.05529104635515 50.9514585494817 #LAST INTERPOLATE POINT
177479 1273034141 7.055461194982882 50.95130504671799 #INTERPOLATE POINT
177479 1273034142 7.055631343610613 50.95115154395428 #INTERPOLATE POINT
177479 1273034143 7.055801492238344 50.95099804119057 #INTERPOLATE POINT
177479 1273034144 7.055971640866075 50.950844538426864 #INTERPOLATE POINT
177479 1273034145 7.0561417894938065 50.950691035663155 #INTERPOLATE POINT
177479 1273034146 7.056311938121538 50.950537532899446 #INTERPOLATE POINT
177479 1273034147 7.056482086749269 50.95038403013574 #INTERPOLATE POINT
177479 1273034148 7.056652235377 50.95023052737203 #INTERPOLATE POINT
177479 1273034149 7.0568223840047315 50.95007702460832 #INTERPOLATE POINT
177479 1273034150 7.05699253263246 50.9499235218446 #LAST INTERPOLATE POINT
177479 1273034151 7.05702843106795 50.94967112437021 #INTERPOLATE POINT
177479 1273034152 7.05706432950344 50.94941872689582 #INTERPOLATE POINT
177479 1273034153 7.05710022793893 50.94916632942143 #INTERPOLATE POINT
177479 1273034154 7.05713612637442 50.94891393194704 #INTERPOLATE POINT
177479 1273034155 7.05717202480991 50.94866153447265 #INTERPOLATE POINT
177479 1273034156 7.0572079232454 50.94840913699826 #INTERPOLATE POINT
177479 1273034157 7.05724382168089 50.94815673952387 #INTERPOLATE POINT
177479 1273034158 7.05727972011638 50.947904342049476 #INTERPOLATE POINT
177479 1273034159 7.05731561855187 50.947651944575085 #INTERPOLATE POINT
177479 1273034160 7.05735151698736 50.9473995471007 #LAST INTERPOLATE POINT
177479 1273034161 7.057378898655914 50.94715835606398 #INTERPOLATE POINT
177479 1273034162 7.057406280324468 50.94691716502726 #INTERPOLATE POINT
177479 1273034163 7.057433661993022 50.94667597399054 #INTERPOLATE POINT
177479 1273034164 7.057461043661576 50.946434782953816 #INTERPOLATE POINT
177479 1273034165 7.0574884253301295 50.946193591917094 #INTERPOLATE POINT
177479 1273034166 7.057515806998683 50.94595240088037 #INTERPOLATE POINT
177479 1273034167 7.057543188667237 50.94571120984365 #INTERPOLATE POINT
177479 1273034168 7.057570570335791 50.94547001880693 #INTERPOLATE POINT
177479 1273034169 7.057597952004345 50.94522882777021 #INTERPOLATE POINT
177479 1273034170 7.0576253336729 50.9449876367335 #LAST INTERPOLATE POINT
177479 1273034171 7.05756115824937 50.944923720360364 #INTERPOLATE POINT
177479 1273034172 7.05749698282584 50.94485980398723 #INTERPOLATE POINT
177479 1273034173 7.05743280740231 50.94479588761409 #INTERPOLATE POINT
177479 1273034174 7.05736863197878 50.944731971240955 #INTERPOLATE POINT
177479 1273034175 7.05730445655525 50.94466805486782 #INTERPOLATE POINT
177479 1273034176 7.05724028113172 50.94460413849468 #INTERPOLATE POINT
177479 1273034177 7.05717610570819 50.944540222121546 #INTERPOLATE POINT
177479 1273034178 7.05711193028466 50.94447630574841 #INTERPOLATE POINT
177479 1273034179 7.05704775486113 50.94441238937527 #INTERPOLATE POINT
177479 1273034180 7.0569835794376 50.9443484730021 #LAST INTERPOLATE POINT
177479 1273034181 7.056683197792089 50.944297361593414 #INTERPOLATE POINT
177479 1273034182 7.056382816146578 50.944246250184726 #INTERPOLATE POINT
177479 1273034183 7.056082434501067 50.94419513877604 #INTERPOLATE POINT
177479 1273034184 7.055782052855556 50.94414402736735 #INTERPOLATE POINT
177479 1273034185 7.055481671210045 50.94409291595866 #INTERPOLATE POINT
177479 1273034186 7.055181289564534 50.944041804549975 #INTERPOLATE POINT
177479 1273034187 7.054880907919023 50.94399069314129 #INTERPOLATE POINT
177479 1273034188 7.054580526273512 50.9439395817326 #INTERPOLATE POINT
177479 1273034189 7.0542801446280015 50.94388847032391 #INTERPOLATE POINT
177479 1273034190 7.05397976298249 50.9438373589152 #LAST INTERPOLATE POINT
177479 1273034191 7.053588190794637 50.94376031478811 #INTERPOLATE POINT
177479 1273034192 7.053196618606785 50.94368327066102 #INTERPOLATE POINT
177479 1273034193 7.052805046418933 50.94360622653393 #INTERPOLATE POINT
177479 1273034194 7.052413474231081 50.94352918240684 #INTERPOLATE POINT
177479 1273034195 7.052021902043228 50.94345213827975 #INTERPOLATE POINT
177479 1273034196 7.051630329855376 50.943375094152664 #INTERPOLATE POINT
177479 1273034197 7.051238757667524 50.943298050025575 #INTERPOLATE POINT
177479 1273034198 7.050847185479672 50.94322100589849 #INTERPOLATE POINT
177479 1273034199 7.0504556132918195 50.9431439617714 #INTERPOLATE POINT
177479 1273034200 7.05006404110397 50.9430669176443 #LAST INTERPOLATE POINT
177479 1273034201 7.0500133009394315 50.9430508391509 #INTERPOLATE POINT
177479 1273034202 7.049962560774894 50.9430347606575 #INTERPOLATE POINT
177479 1273034203 7.049911820610356 50.943018682164094 #INTERPOLATE POINT
177479 1273034204 7.049861080445819 50.94300260367069 #INTERPOLATE POINT
177479 1273034205 7.049810340281281 50.94298652517729 #INTERPOLATE POINT
177479 1273034206 7.049759600116744 50.94297044668389 #INTERPOLATE POINT
177479 1273034207 7.049708859952206 50.942954368190485 #INTERPOLATE POINT
177479 1273034208 7.049658119787669 50.94293828969708 #INTERPOLATE POINT
177479 1273034209 7.049607379623131 50.94292221120368 #INTERPOLATE POINT
177479 1273034210 7.04955663945859 50.9429061327103 #LAST INTERPOLATE POINT
177479 1273034211 7.04955663945859 50.9429061327103 #INTERPOLATE POINT
177479 1273034212 7.04955663945859 50.9429061327103 #INTERPOLATE POINT
177479 1273034213 7.04955663945859 50.9429061327103 #INTERPOLATE POINT
177479 1273034214 7.04955663945859 50.9429061327103 #INTERPOLATE POINT
177479 1273034215 7.04955663945859 50.9429061327103 #INTERPOLATE POINT
177479 1273034216 7.04955663945859 50.9429061327103 #INTERPOLATE POINT
177479 1273034217 7.04955663945859 50.9429061327103 #INTERPOLATE POINT
177479 1273034218 7.04955663945859 50.9429061327103 #INTERPOLATE POINT
177479 1273034219 7.04955663945859 50.9429061327103 #INTERPOLATE POINT
177479 1273034220 7.04955663945859 50.9429061327103 #LAST INTERPOLATE POINT
177479 1273034221 7.04955663945859 50.9429061327103 #INTERPOLATE POINT
177479 1273034222 7.04955663945859 50.9429061327103 #INTERPOLATE POINT
177479 1273034223 7.04955663945859 50.9429061327103 #INTERPOLATE POINT
177479 1273034224 7.04955663945859 50.9429061327103 #INTERPOLATE POINT
177479 1273034225 7.04955663945859 50.9429061327103 #INTERPOLATE POINT
177479 1273034226 7.04955663945859 50.9429061327103 #INTERPOLATE POINT
177479 1273034227 7.04955663945859 50.9429061327103 #INTERPOLATE POINT
177479 1273034228 7.04955663945859 50.9429061327103 #INTERPOLATE POINT
177479 1273034229 7.04955663945859 50.9429061327103 #INTERPOLATE POINT
177479 1273034230 7.04955663945859 50.9429061327103 #LAST INTERPOLATE POINT
177479 1273034231 7.04955663945859 50.9429061327103 #INTERPOLATE POINT
177479 1273034232 7.04955663945859 50.9429061327103 #INTERPOLATE POINT
177479 1273034233 7.04955663945859 50.9429061327103 #INTERPOLATE POINT
177479 1273034234 7.04955663945859 50.9429061327103 #INTERPOLATE POINT
177479 1273034235 7.04955663945859 50.9429061327103 #INTERPOLATE POINT
177479 1273034236 7.04955663945859 50.9429061327103 #INTERPOLATE POINT
177479 1273034237 7.04955663945859 50.9429061327103 #INTERPOLATE POINT
177479 1273034238 7.04955663945859 50.9429061327103 #INTERPOLATE POINT
177479 1273034239 7.04955663945859 50.9429061327103 #INTERPOLATE POINT
177479 1273034240 7.04955663945859 50.9429061327103 #LAST INTERPOLATE POINT
177479 1273034241 7.04955663945859 50.9429061327103 #INTERPOLATE POINT
177479 1273034242 7.04955663945859 50.9429061327103 #INTERPOLATE POINT
177479 1273034243 7.04955663945859 50.9429061327103 #INTERPOLATE POINT
177479 1273034244 7.04955663945859 50.9429061327103 #INTERPOLATE POINT
177479 1273034245 7.04955663945859 50.9429061327103 #INTERPOLATE POINT
177479 1273034246 7.04955663945859 50.9429061327103 #INTERPOLATE POINT
177479 1273034247 7.04955663945859 50.9429061327103 #INTERPOLATE POINT
177479 1273034248 7.04955663945859 50.9429061327103 #INTERPOLATE POINT
177479 1273034249 7.04955663945859 50.9429061327103 #INTERPOLATE POINT
177479 1273034250 7.04955663945859 50.9429061327103 #LAST INTERPOLATE POINT
177479 1273034251 7.04955663945859 50.9429061327103 #INTERPOLATE POINT
177479 1273034252 7.04955663945859 50.9429061327103 #INTERPOLATE POINT
177479 1273034253 7.04955663945859 50.9429061327103 #INTERPOLATE POINT
177479 1273034254 7.04955663945859 50.9429061327103 #INTERPOLATE POINT
177479 1273034255 7.04955663945859 50.9429061327103 #INTERPOLATE POINT
177479 1273034256 7.04955663945859 50.9429061327103 #INTERPOLATE POINT
177479 1273034257 7.04955663945859 50.9429061327103 #INTERPOLATE POINT
177479 1273034258 7.04955663945859 50.9429061327103 #INTERPOLATE POINT
177479 1273034259 7.04955663945859 50.9429061327103 #INTERPOLATE POINT
177479 1273034260 7.04955663945859 50.9429061327103 #LAST INTERPOLATE POINT
177479 1273034261 7.049519455485597 50.942897235119005 #INTERPOLATE POINT
177479 1273034262 7.049482271512604 50.94288833752772 #INTERPOLATE POINT
177479 1273034263 7.049445087539611 50.94287943993643 #INTERPOLATE POINT
177479 1273034264 7.0494079035666175 50.94287054234515 #INTERPOLATE POINT
177479 1273034265 7.049370719593624 50.94286164475386 #INTERPOLATE POINT
177479 1273034266 7.049333535620631 50.942852747162576 #INTERPOLATE POINT
177479 1273034267 7.049296351647638 50.94284384957129 #INTERPOLATE POINT
177479 1273034268 7.049259167674645 50.942834951980004 #INTERPOLATE POINT
177479 1273034269 7.049221983701652 50.94282605438872 #INTERPOLATE POINT
177479 1273034270 7.04918479972866 50.9428171567974 #LAST INTERPOLATE POINT
177479 1273034271 7.0490226957621935 50.942787242536156 #INTERPOLATE POINT
177479 1273034272 7.048860591795727 50.94275732827491 #INTERPOLATE POINT
177479 1273034273 7.048698487829261 50.94272741401366 #INTERPOLATE POINT
177479 1273034274 7.048536383862795 50.94269749975241 #INTERPOLATE POINT
177479 1273034275 7.048374279896329 50.942667585491165 #INTERPOLATE POINT
177479 1273034276 7.048212175929863 50.94263767122992 #INTERPOLATE POINT
177479 1273034277 7.048050071963397 50.94260775696867 #INTERPOLATE POINT
177479 1273034278 7.047887967996931 50.94257784270742 #INTERPOLATE POINT
177479 1273034279 7.047725864030465 50.942547928446174 #INTERPOLATE POINT
177479 1273034280 7.047563760064 50.9425180141849 #LAST INTERPOLATE POINT
177479 1273034281 7.047176587559722 50.9424293853363 #INTERPOLATE POINT
177479 1273034282 7.046789415055444 50.942340756487695 #INTERPOLATE POINT
177479 1273034283 7.046402242551165 50.942252127639094 #INTERPOLATE POINT
177479 1273034284 7.046015070046887 50.94216349879049 #INTERPOLATE POINT
177479 1273034285 7.045627897542609 50.94207486994189 #INTERPOLATE POINT
177479 1273034286 7.04524072503833 50.94198624109329 #INTERPOLATE POINT
177479 1273034287 7.044853552534052 50.94189761224469 #INTERPOLATE POINT
177479 1273034288 7.044466380029774 50.941808983396086 #INTERPOLATE POINT
177479 1273034289 7.044079207525495 50.941720354547485 #INTERPOLATE POINT
177479 1273034290 7.04369203502122 50.9416317256989 #LAST INTERPOLATE POINT
177479 1273034291 7.0433973409984825 50.94158620203259 #INTERPOLATE POINT
177479 1273034292 7.043102646975745 50.94154067836628 #INTERPOLATE POINT
177479 1273034293 7.042807952953008 50.94149515469997 #INTERPOLATE POINT
177479 1273034294 7.042513258930271 50.94144963103366 #INTERPOLATE POINT
177479 1273034295 7.042218564907533 50.941404107367354 #INTERPOLATE POINT
177479 1273034296 7.041923870884796 50.941358583701046 #INTERPOLATE POINT
177479 1273034297 7.041629176862059 50.94131306003474 #INTERPOLATE POINT
177479 1273034298 7.041334482839321 50.94126753636843 #INTERPOLATE POINT
177479 1273034299 7.041039788816584 50.94122201270212 #INTERPOLATE POINT
177479 1273034300 7.04074509479385 50.9411764890358 #LAST INTERPOLATE POINT
177479 1273034301 7.040754089668439 50.941154920241765 #INTERPOLATE POINT
177479 1273034302 7.040763084543027 50.94113335144773 #INTERPOLATE POINT
177479 1273034303 7.040772079417615 50.9411117826537 #INTERPOLATE POINT
177479 1273034304 7.0407810742922035 50.94109021385967 #INTERPOLATE POINT
177479 1273034305 7.040790069166792 50.941068645065634 #INTERPOLATE POINT
177479 1273034306 7.04079906404138 50.9410470762716 #INTERPOLATE POINT
177479 1273034307 7.040808058915968 50.94102550747757 #INTERPOLATE POINT
177479 1273034308 7.040817053790557 50.94100393868354 #INTERPOLATE POINT
177479 1273034309 7.040826048665145 50.940982369889504 #INTERPOLATE POINT
177479 1273034310 7.04083504353973 50.9409608010955 #LAST INTERPOLATE POINT
177479 1273034311 7.040957414299429 50.94099498876562 #INTERPOLATE POINT
177479 1273034312 7.041079785059128 50.941029176435734 #INTERPOLATE POINT
177479 1273034313 7.0412021558188265 50.94106336410585 #INTERPOLATE POINT
177479 1273034314 7.041324526578525 50.94109755177597 #INTERPOLATE POINT
177479 1273034315 7.041446897338224 50.941131739446085 #INTERPOLATE POINT
177479 1273034316 7.0415692680979225 50.9411659271162 #INTERPOLATE POINT
177479 1273034317 7.041691638857621 50.94120011478632 #INTERPOLATE POINT
177479 1273034318 7.04181400961732 50.94123430245644 #INTERPOLATE POINT
177479 1273034319 7.0419363803770185 50.941268490126554 #INTERPOLATE POINT
177479 1273034320 7.04205875113672 50.9413026777967 #LAST INTERPOLATE POINT
177479 1273034321 7.042394519230842 50.94136261769802 #INTERPOLATE POINT
177479 1273034322 7.042730287324964 50.94142255759934 #INTERPOLATE POINT
177479 1273034323 7.043066055419087 50.94148249750066 #INTERPOLATE POINT
177479 1273034324 7.043401823513209 50.94154243740198 #INTERPOLATE POINT
177479 1273034325 7.043737591607331 50.9416023773033 #INTERPOLATE POINT
177479 1273034326 7.0440733597014535 50.94166231720462 #INTERPOLATE POINT
177479 1273034327 7.044409127795576 50.94172225710594 #INTERPOLATE POINT
177479 1273034328 7.044744895889698 50.94178219700726 #INTERPOLATE POINT
177479 1273034329 7.04508066398382 50.941842136908576 #INTERPOLATE POINT
177479 1273034330 7.04541643207794 50.9419020768099 #LAST INTERPOLATE POINT
