1105703 1273037280 6.929779 50.914864
1105703 1273037281 6.929873027027027 50.914829702702704 #INTERPOLATE POINT
1105703 1273037282 6.929967054054053 50.91479540540541 #INTERPOLATE POINT
1105703 1273037283 6.93006108108108 50.91476110810811 #INTERPOLATE POINT
1105703 1273037284 6.9301551081081065 50.91472681081081 #INTERPOLATE POINT
1105703 1273037285 6.930249135135133 50.914692513513515 #INTERPOLATE POINT
1105703 1273037286 6.93034316216216 50.91465821621622 #INTERPOLATE POINT
1105703 1273037287 6.9304371891891865 50.91462391891892 #INTERPOLATE POINT
1105703 1273037288 6.930531216216213 50.91458962162162 #INTERPOLATE POINT
1105703 1273037289 6.93062524324324 50.914555324324326 #INTERPOLATE POINT
1105703 1273037290 6.9307192702702665 50.91452102702703 #INTERPOLATE POINT
1105703 1273037291 6.930813297297293 50.91448672972973 #INTERPOLATE POINT
1105703 1273037292 6.93090732432432 50.914452432432434 #INTERPOLATE POINT
1105703 1273037293 6.931001351351346 50.914418135135136 #INTERPOLATE POINT
1105703 1273037294 6.931095378378373 50.91438383783784 #INTERPOLATE POINT
1105703 1273037295 6.9311894054054 50.91434954054054 #INTERPOLATE POINT
1105703 1273037296 6.931283432432426 50.914315243243244 #INTERPOLATE POINT
1105703 1273037297 6.931377459459453 50.91428094594595 #INTERPOLATE POINT
1105703 1273037298 6.93147148648648 50.91424664864865 #INTERPOLATE POINT
1105703 1273037299 6.931565513513506 50.91421235135135 #INTERPOLATE POINT
1105703 1273037300 6.931659540540533 50.914178054054055 #INTERPOLATE POINT
1105703 1273037301 6.93175356756756 50.91414375675676 #INTERPOLATE POINT
1105703 1273037302 6.931847594594586 50.91410945945946 #INTERPOLATE POINT
1105703 1273037303 6.931941621621613 50.91407516216216 #INTERPOLATE POINT
1105703 1273037304 6.93203564864864 50.914040864864866 #INTERPOLATE POINT
1105703 1273037305 6.932129675675666 50.91400656756757 #INTERPOLATE POINT
1105703 1273037306 6.932223702702693 50.91397227027027 #INTERPOLATE POINT
1105703 1273037307 6.93231772972972 50.913937972972974 #INTERPOLATE POINT
1105703 1273037308 6.932411756756746 50.91390367567568 #INTERPOLATE POINT
1105703 1273037309 6.932505783783773 50.91386937837838 #INTERPOLATE POINT
1105703 1273037310 6.9325998108108 50.91383508108108 #INTERPOLATE POINT
1105703 1273037311 6.932693837837826 50.913800783783785 #INTERPOLATE POINT
1105703 1273037312 6.932787864864853 50.91376648648649 #INTERPOLATE POINT
1105703 1273037313 6.9328818918918795 50.91373218918919 #INTERPOLATE POINT
1105703 1273037314 6.932975918918906 50.91369789189189 #INTERPOLATE POINT
1105703 1273037315 6.933069945945933 50.913663594594595 #INTERPOLATE POINT
1105703 1273037316 6.9331639729729595 50.9136292972973 #INTERPOLATE POINT
1105703 1273037317 6.933258 50.913595 #LAST INTERPOLATE POINT
1105703 1273037318 6.933319555555556 50.9136728425926 #INTERPOLATE POINT
1105703 1273037319 6.933381111111112 50.91375068518519 #INTERPOLATE POINT
1105703 1273037320 6.933442666666668 50.91382852777779 #INTERPOLATE POINT
1105703 1273037321 6.933504222222224 50.913906370370384 #INTERPOLATE POINT
1105703 1273037322 6.93356577777778 50.91398421296298 #INTERPOLATE POINT
1105703 1273037323 6.933627333333336 50.914062055555576 #INTERPOLATE POINT
1105703 1273037324 6.9336888888888915 50.91413989814817 #INTERPOLATE POINT
1105703 1273037325 6.933750444444447 50.91421774074077 #INTERPOLATE POINT
1105703 1273037326 6.933812000000003 50.91429558333336 #INTERPOLATE POINT
1105703 1273037327 6.933873555555559 50.91437342592596 #INTERPOLATE POINT
1105703 1273037328 6.933935111111115 50.914451268518555 #INTERPOLATE POINT
1105703 1273037329 6.933996666666671 50.91452911111115 #INTERPOLATE POINT
1105703 1273037330 6.934058222222227 50.914606953703746 #INTERPOLATE POINT
1105703 1273037331 6.9341197777777825 50.91468479629634 #INTERPOLATE POINT
1105703 1273037332 6.934181333333338 50.91476263888894 #INTERPOLATE POINT
1105703 1273037333 6.934242888888894 50.914840481481534 #INTERPOLATE POINT
1105703 1273037334 6.93430444444445 50.91491832407413 #INTERPOLATE POINT
1105703 1273037335 6.934366000000006 50.914996166666725 #INTERPOLATE POINT
1105703 1273037336 6.934427555555562 50.91507400925932 #INTERPOLATE POINT
1105703 1273037337 6.934489111111118 50.91515185185192 #INTERPOLATE POINT
1105703 1273037338 6.934550666666674 50.91522969444451 #INTERPOLATE POINT
1105703 1273037339 6.9346122222222295 50.91530753703711 #INTERPOLATE POINT
1105703 1273037340 6.934673777777785 50.915385379629704 #INTERPOLATE POINT
1105703 1273037341 6.934735333333341 50.9154632222223 #INTERPOLATE POINT
1105703 1273037342 6.934796888888897 50.915541064814896 #INTERPOLATE POINT
1105703 1273037343 6.934858444444453 50.91561890740749 #INTERPOLATE POINT
1105703 1273037344 6.934920000000009 50.91569675000009 #INTERPOLATE POINT
1105703 1273037345 6.934981555555565 50.91577459259268 #INTERPOLATE POINT
1105703 1273037346 6.935043111111121 50.91585243518528 #INTERPOLATE POINT
1105703 1273037347 6.9351046666666765 50.915930277777875 #INTERPOLATE POINT
1105703 1273037348 6.935166222222232 50.91600812037047 #INTERPOLATE POINT
1105703 1273037349 6.935227777777788 50.916085962963066 #INTERPOLATE POINT
1105703 1273037350 6.935289333333344 50.91616380555566 #INTERPOLATE POINT
1105703 1273037351 6.9353508888889 50.91624164814826 #INTERPOLATE POINT
1105703 1273037352 6.935412444444456 50.916319490740854 #INTERPOLATE POINT
1105703 1273037353 6.935474000000012 50.91639733333345 #INTERPOLATE POINT
1105703 1273037354 6.9355355555555676 50.916475175926045 #INTERPOLATE POINT
1105703 1273037355 6.935597111111123 50.91655301851864 #INTERPOLATE POINT
1105703 1273037356 6.935658666666679 50.91663086111124 #INTERPOLATE POINT
1105703 1273037357 6.935720222222235 50.91670870370383 #INTERPOLATE POINT
1105703 1273037358 6.935781777777791 50.91678654629643 #INTERPOLATE POINT
1105703 1273037359 6.935843333333347 50.916864388889024 #INTERPOLATE POINT
1105703 1273037360 6.935904888888903 50.91694223148162 #INTERPOLATE POINT
1105703 1273037361 6.935966444444459 50.917020074074216 #INTERPOLATE POINT
1105703 1273037362 6.9360280000000145 50.91709791666681 #INTERPOLATE POINT
1105703 1273037363 6.93608955555557 50.91717575925941 #INTERPOLATE POINT
1105703 1273037364 6.936151111111126 50.917253601852 #INTERPOLATE POINT
1105703 1273037365 6.936212666666682 50.9173314444446 #INTERPOLATE POINT
1105703 1273037366 6.936274222222238 50.917409287037195 #INTERPOLATE POINT
1105703 1273037367 6.936335777777794 50.91748712962979 #INTERPOLATE POINT
1105703 1273037368 6.93639733333335 50.91756497222239 #INTERPOLATE POINT
1105703 1273037369 6.936458888888906 50.91764281481498 #INTERPOLATE POINT
1105703 1273037370 6.9365204444444615 50.91772065740758 #INTERPOLATE POINT
1105703 1273037371 6.936582000000017 50.917798500000174 #INTERPOLATE POINT
1105703 1273037372 6.936643555555573 50.91787634259277 #INTERPOLATE POINT
1105703 1273037373 6.936705111111129 50.917954185185366 #INTERPOLATE POINT
1105703 1273037374 6.936766666666685 50.91803202777796 #INTERPOLATE POINT
1105703 1273037375 6.936828222222241 50.91810987037056 #INTERPOLATE POINT
1105703 1273037376 6.936889777777797 50.91818771296315 #INTERPOLATE POINT
1105703 1273037377 6.936951333333353 50.91826555555575 #INTERPOLATE POINT
1105703 1273037378 6.937012888888908 50.918343398148345 #INTERPOLATE POINT
1105703 1273037379 6.937074444444464 50.91842124074094 #INTERPOLATE POINT
1105703 1273037380 6.93713600000002 50.918499083333536 #INTERPOLATE POINT
1105703 1273037381 6.937197555555576 50.91857692592613 #INTERPOLATE POINT
1105703 1273037382 6.937259111111132 50.91865476851873 #INTERPOLATE POINT
1105703 1273037383 6.937320666666688 50.918732611111324 #INTERPOLATE POINT
1105703 1273037384 6.937382222222244 50.91881045370392 #INTERPOLATE POINT
1105703 1273037385 6.9374437777777995 50.918888296296515 #INTERPOLATE POINT
1105703 1273037386 6.937505333333355 50.91896613888911 #INTERPOLATE POINT
1105703 1273037387 6.937566888888911 50.91904398148171 #INTERPOLATE POINT
1105703 1273037388 6.937628444444467 50.9191218240743 #INTERPOLATE POINT
1105703 1273037389 6.937690000000023 50.9191996666669 #INTERPOLATE POINT
1105703 1273037390 6.937751555555579 50.919277509259494 #INTERPOLATE POINT
1105703 1273037391 6.937813111111135 50.91935535185209 #INTERPOLATE POINT
1105703 1273037392 6.937874666666691 50.919433194444686 #INTERPOLATE POINT
1105703 1273037393 6.9379362222222465 50.91951103703728 #INTERPOLATE POINT
1105703 1273037394 6.937997777777802 50.91958887962988 #INTERPOLATE POINT
1105703 1273037395 6.938059333333358 50.91966672222247 #INTERPOLATE POINT
1105703 1273037396 6.938120888888914 50.91974456481507 #INTERPOLATE POINT
1105703 1273037397 6.93818244444447 50.919822407407665 #INTERPOLATE POINT
1105703 1273037398 6.938244000000026 50.91990025000026 #INTERPOLATE POINT
1105703 1273037399 6.938305555555582 50.91997809259286 #INTERPOLATE POINT
1105703 1273037400 6.938367111111138 50.92005593518545 #INTERPOLATE POINT
1105703 1273037401 6.9384286666666934 50.92013377777805 #INTERPOLATE POINT
1105703 1273037402 6.938490222222249 50.920211620370644 #INTERPOLATE POINT
1105703 1273037403 6.938551777777805 50.92028946296324 #INTERPOLATE POINT
1105703 1273037404 6.938613333333361 50.920367305555835 #INTERPOLATE POINT
1105703 1273037405 6.938674888888917 50.92044514814843 #INTERPOLATE POINT
1105703 1273037406 6.938736444444473 50.92052299074103 #INTERPOLATE POINT
1105703 1273037407 6.938798000000029 50.92060083333362 #INTERPOLATE POINT
1105703 1273037408 6.9388595555555845 50.92067867592622 #INTERPOLATE POINT
1105703 1273037409 6.93892111111114 50.920756518518814 #INTERPOLATE POINT
1105703 1273037410 6.938982666666696 50.92083436111141 #INTERPOLATE POINT
1105703 1273037411 6.939044222222252 50.920912203704006 #INTERPOLATE POINT
1105703 1273037412 6.939105777777808 50.9209900462966 #INTERPOLATE POINT
1105703 1273037413 6.939167333333364 50.9210678888892 #INTERPOLATE POINT
1105703 1273037414 6.93922888888892 50.92114573148179 #INTERPOLATE POINT
1105703 1273037415 6.939290444444476 50.92122357407439 #INTERPOLATE POINT
1105703 1273037416 6.9393520000000315 50.921301416666985 #INTERPOLATE POINT
1105703 1273037417 6.939413555555587 50.92137925925958 #INTERPOLATE POINT
1105703 1273037418 6.939475111111143 50.92145710185218 #INTERPOLATE POINT
1105703 1273037419 6.939536666666699 50.92153494444477 #INTERPOLATE POINT
1105703 1273037420 6.939598222222255 50.92161278703737 #INTERPOLATE POINT
1105703 1273037421 6.939659777777811 50.921690629629964 #INTERPOLATE POINT
1105703 1273037422 6.939721333333367 50.92176847222256 #INTERPOLATE POINT
1105703 1273037423 6.939782888888923 50.921846314815156 #INTERPOLATE POINT
1105703 1273037424 6.9398444444444785 50.92192415740775 #INTERPOLATE POINT
1105703 1273037425 6.939906 50.922002 #LAST INTERPOLATE POINT
1105703 1273037426 6.939946272727273 50.92208690909091 #INTERPOLATE POINT
1105703 1273037427 6.939986545454546 50.922171818181816 #INTERPOLATE POINT
1105703 1273037428 6.940026818181819 50.922256727272725 #INTERPOLATE POINT
1105703 1273037429 6.940067090909092 50.92234163636363 #INTERPOLATE POINT
1105703 1273037430 6.940107363636365 50.92242654545454 #INTERPOLATE POINT
1105703 1273037431 6.940147636363638 50.92251145454545 #INTERPOLATE POINT
1105703 1273037432 6.940187909090911 50.92259636363636 #INTERPOLATE POINT
1105703 1273037433 6.940228181818184 50.92268127272727 #INTERPOLATE POINT
1105703 1273037434 6.940268454545457 50.922766181818176 #INTERPOLATE POINT
1105703 1273037435 6.94030872727273 50.922851090909084 #INTERPOLATE POINT
1105703 1273037436 6.940349 50.922936 #LAST INTERPOLATE POINT
1105703 1273037437 6.940434 50.9229665 #INTERPOLATE POINT
1105703 1273037438 6.940519 50.922997 #LAST INTERPOLATE POINT
1105703 1273037439 6.940603888888889 50.92294116666667 #INTERPOLATE POINT
1105703 1273037440 6.940688777777778 50.92288533333333 #INTERPOLATE POINT
1105703 1273037441 6.940773666666667 50.9228295 #INTERPOLATE POINT
1105703 1273037442 6.940858555555556 50.922773666666664 #INTERPOLATE POINT
1105703 1273037443 6.940943444444445 50.92271783333333 #INTERPOLATE POINT
1105703 1273037444 6.941028333333334 50.922661999999995 #INTERPOLATE POINT
1105703 1273037445 6.9411132222222225 50.92260616666666 #INTERPOLATE POINT
1105703 1273037446 6.941198111111111 50.92255033333333 #INTERPOLATE POINT
1105703 1273037447 6.941283 50.92249449999999 #INTERPOLATE POINT
1105703 1273037448 6.941367888888889 50.92243866666666 #INTERPOLATE POINT
1105703 1273037449 6.941452777777778 50.92238283333332 #INTERPOLATE POINT
1105703 1273037450 6.941537666666667 50.92232699999999 #INTERPOLATE POINT
1105703 1273037451 6.941622555555556 50.922271166666654 #INTERPOLATE POINT
1105703 1273037452 6.941707444444445 50.92221533333332 #INTERPOLATE POINT
1105703 1273037453 6.941792333333334 50.922159499999985 #INTERPOLATE POINT
1105703 1273037454 6.941877222222223 50.92210366666665 #INTERPOLATE POINT
1105703 1273037455 6.941962111111112 50.922047833333316 #INTERPOLATE POINT
1105703 1273037456 6.942047 50.921992 #LAST INTERPOLATE POINT
1105703 1273037457 6.942120035714286 50.92205535714286 #INTERPOLATE POINT
1105703 1273037458 6.942193071428571 50.922118714285716 #INTERPOLATE POINT
1105703 1273037459 6.942266107142856 50.92218207142857 #INTERPOLATE POINT
1105703 1273037460 6.942339142857142 50.92224542857143 #INTERPOLATE POINT
1105703 1273037461 6.942412178571427 50.922308785714286 #INTERPOLATE POINT
1105703 1273037462 6.942485214285712 50.92237214285714 #INTERPOLATE POINT
1105703 1273037463 6.942558249999998 50.9224355 #INTERPOLATE POINT
1105703 1273037464 6.942631285714283 50.922498857142855 #INTERPOLATE POINT
1105703 1273037465 6.942704321428568 50.92256221428571 #INTERPOLATE POINT
1105703 1273037466 6.9427773571428535 50.92262557142857 #INTERPOLATE POINT
1105703 1273037467 6.942850392857139 50.922688928571425 #INTERPOLATE POINT
1105703 1273037468 6.942923428571424 50.92275228571428 #INTERPOLATE POINT
1105703 1273037469 6.942996464285709 50.92281564285714 #INTERPOLATE POINT
1105703 1273037470 6.943069499999995 50.922878999999995 #INTERPOLATE POINT
1105703 1273037471 6.94314253571428 50.92294235714285 #INTERPOLATE POINT
1105703 1273037472 6.943215571428565 50.92300571428571 #INTERPOLATE POINT
1105703 1273037473 6.943288607142851 50.923069071428564 #INTERPOLATE POINT
1105703 1273037474 6.943361642857136 50.92313242857142 #INTERPOLATE POINT
1105703 1273037475 6.943434678571421 50.92319578571428 #INTERPOLATE POINT
1105703 1273037476 6.9435077142857065 50.923259142857134 #INTERPOLATE POINT
1105703 1273037477 6.943580749999992 50.92332249999999 #INTERPOLATE POINT
1105703 1273037478 6.943653785714277 50.92338585714285 #INTERPOLATE POINT
1105703 1273037479 6.943726821428562 50.923449214285704 #INTERPOLATE POINT
1105703 1273037480 6.943799857142848 50.92351257142856 #INTERPOLATE POINT
1105703 1273037481 6.943872892857133 50.92357592857142 #INTERPOLATE POINT
1105703 1273037482 6.943945928571418 50.92363928571427 #INTERPOLATE POINT
1105703 1273037483 6.9440189642857035 50.92370264285713 #INTERPOLATE POINT
1105703 1273037484 6.944092 50.923766 #LAST INTERPOLATE POINT
1105703 1273037485 6.94421125 50.923789 #INTERPOLATE POINT
1105703 1273037486 6.9443305 50.923812 #INTERPOLATE POINT
1105703 1273037487 6.94444975 50.923835 #INTERPOLATE POINT
1105703 1273037488 6.944569 50.923858 #LAST INTERPOLATE POINT
1105703 1273037489 6.944545000000001 50.923932750000006 #INTERPOLATE POINT
1105703 1273037490 6.944521000000001 50.9240075 #INTERPOLATE POINT
1105703 1273037491 6.944497000000001 50.92408225 #INTERPOLATE POINT
1105703 1273037492 6.944473 50.924157 #LAST INTERPOLATE POINT
1105703 1273037493 6.944547428571429 50.92422142857143 #INTERPOLATE POINT
1105703 1273037494 6.944621857142858 50.924285857142856 #INTERPOLATE POINT
1105703 1273037495 6.944696285714286 50.92435028571428 #INTERPOLATE POINT
1105703 1273037496 6.944770714285715 50.92441471428571 #INTERPOLATE POINT
1105703 1273037497 6.944845142857144 50.92447914285714 #INTERPOLATE POINT
1105703 1273037498 6.9449195714285725 50.924543571428565 #INTERPOLATE POINT
1105703 1273037499 6.944994000000001 50.92460799999999 #INTERPOLATE POINT
1105703 1273037500 6.94506842857143 50.92467242857142 #INTERPOLATE POINT
1105703 1273037501 6.945142857142859 50.92473685714285 #INTERPOLATE POINT
1105703 1273037502 6.945217285714287 50.924801285714274 #INTERPOLATE POINT
1105703 1273037503 6.945291714285716 50.9248657142857 #INTERPOLATE POINT
1105703 1273037504 6.945366142857145 50.92493014285713 #INTERPOLATE POINT
1105703 1273037505 6.945440571428573 50.924994571428556 #INTERPOLATE POINT
1105703 1273037506 6.945515000000002 50.92505899999998 #INTERPOLATE POINT
1105703 1273037507 6.945589428571431 50.92512342857141 #INTERPOLATE POINT
1105703 1273037508 6.9456638571428595 50.92518785714284 #INTERPOLATE POINT
1105703 1273037509 6.945738285714288 50.925252285714265 #INTERPOLATE POINT
1105703 1273037510 6.945812714285717 50.92531671428569 #INTERPOLATE POINT
1105703 1273037511 6.945887142857146 50.92538114285712 #INTERPOLATE POINT
1105703 1273037512 6.945961571428574 50.92544557142855 #INTERPOLATE POINT
1105703 1273037513 6.946036000000003 50.925509999999974 #INTERPOLATE POINT
1105703 1273037514 6.946110428571432 50.9255744285714 #INTERPOLATE POINT
1105703 1273037515 6.94618485714286 50.92563885714283 #INTERPOLATE POINT
1105703 1273037516 6.946259285714289 50.925703285714256 #INTERPOLATE POINT
1105703 1273037517 6.946333714285718 50.92576771428568 #INTERPOLATE POINT
1105703 1273037518 6.9464081428571465 50.92583214285711 #INTERPOLATE POINT
1105703 1273037519 6.946482571428575 50.92589657142854 #INTERPOLATE POINT
1105703 1273037520 6.946557 50.925961 #LAST INTERPOLATE POINT
1105703 1273037520 6.946557 50.925961 #NO INTERPOLATE
1105703 1273037521 6.946599222222223 50.925972333333334 #INTERPOLATE POINT
1105703 1273037522 6.946641444444445 50.92598366666667 #INTERPOLATE POINT
1105703 1273037523 6.946683666666668 50.925995 #INTERPOLATE POINT
1105703 1273037524 6.94672588888889 50.92600633333333 #INTERPOLATE POINT
1105703 1273037525 6.946768111111113 50.92601766666667 #INTERPOLATE POINT
1105703 1273037526 6.946810333333335 50.926029 #INTERPOLATE POINT
1105703 1273037527 6.946852555555558 50.92604033333333 #INTERPOLATE POINT
1105703 1273037528 6.94689477777778 50.926051666666666 #INTERPOLATE POINT
1105703 1273037529 6.946937 50.926063 #LAST INTERPOLATE POINT
1105703 1273037530 6.946968555555555 50.926089222222224 #INTERPOLATE POINT
1105703 1273037531 6.947000111111111 50.92611544444445 #INTERPOLATE POINT
1105703 1273037532 6.947031666666666 50.92614166666667 #INTERPOLATE POINT
1105703 1273037533 6.947063222222221 50.9261678888889 #INTERPOLATE POINT
1105703 1273037534 6.947094777777776 50.92619411111112 #INTERPOLATE POINT
1105703 1273037535 6.9471263333333315 50.92622033333335 #INTERPOLATE POINT
1105703 1273037536 6.947157888888887 50.92624655555557 #INTERPOLATE POINT
1105703 1273037537 6.947189444444442 50.9262727777778 #INTERPOLATE POINT
1105703 1273037538 6.947221 50.926299 #LAST INTERPOLATE POINT
1105703 1273037539 6.947182956521739 50.92630739130435 #INTERPOLATE POINT
1105703 1273037540 6.947144913043478 50.9263157826087 #INTERPOLATE POINT
1105703 1273037541 6.947106869565217 50.926324173913045 #INTERPOLATE POINT
1105703 1273037542 6.947068826086956 50.92633256521739 #INTERPOLATE POINT
1105703 1273037543 6.947030782608695 50.92634095652174 #INTERPOLATE POINT
1105703 1273037544 6.946992739130434 50.92634934782609 #INTERPOLATE POINT
1105703 1273037545 6.946954695652173 50.92635773913044 #INTERPOLATE POINT
1105703 1273037546 6.946916652173912 50.926366130434786 #INTERPOLATE POINT
1105703 1273037547 6.946878608695651 50.926374521739135 #INTERPOLATE POINT
1105703 1273037548 6.94684056521739 50.92638291304348 #INTERPOLATE POINT
1105703 1273037549 6.946802521739129 50.92639130434783 #INTERPOLATE POINT
1105703 1273037550 6.946764478260868 50.92639969565218 #INTERPOLATE POINT
1105703 1273037551 6.946726434782607 50.92640808695653 #INTERPOLATE POINT
1105703 1273037552 6.946688391304346 50.926416478260876 #INTERPOLATE POINT
1105703 1273037553 6.946650347826085 50.926424869565224 #INTERPOLATE POINT
1105703 1273037554 6.946612304347824 50.92643326086957 #INTERPOLATE POINT
1105703 1273037555 6.946574260869563 50.92644165217392 #INTERPOLATE POINT
1105703 1273037556 6.946536217391302 50.92645004347827 #INTERPOLATE POINT
1105703 1273037557 6.946498173913041 50.92645843478262 #INTERPOLATE POINT
1105703 1273037558 6.94646013043478 50.926466826086966 #INTERPOLATE POINT
1105703 1273037559 6.946422086956519 50.926475217391314 #INTERPOLATE POINT
1105703 1273037560 6.946384043478258 50.92648360869566 #INTERPOLATE POINT
1105703 1273037561 6.946346 50.926492 #LAST INTERPOLATE POINT
1105703 1273037562 6.946309212121212 50.92651006060606 #INTERPOLATE POINT
1105703 1273037563 6.946272424242425 50.92652812121212 #INTERPOLATE POINT
1105703 1273037564 6.946235636363637 50.92654618181818 #INTERPOLATE POINT
1105703 1273037565 6.946198848484849 50.92656424242424 #INTERPOLATE POINT
1105703 1273037566 6.946162060606062 50.9265823030303 #INTERPOLATE POINT
1105703 1273037567 6.946125272727274 50.92660036363636 #INTERPOLATE POINT
1105703 1273037568 6.946088484848486 50.92661842424242 #INTERPOLATE POINT
1105703 1273037569 6.946051696969699 50.92663648484848 #INTERPOLATE POINT
1105703 1273037570 6.946014909090911 50.92665454545454 #INTERPOLATE POINT
1105703 1273037571 6.945978121212123 50.9266726060606 #INTERPOLATE POINT
1105703 1273037572 6.9459413333333355 50.92669066666666 #INTERPOLATE POINT
1105703 1273037573 6.945904545454548 50.92670872727272 #INTERPOLATE POINT
1105703 1273037574 6.94586775757576 50.92672678787878 #INTERPOLATE POINT
1105703 1273037575 6.9458309696969724 50.92674484848484 #INTERPOLATE POINT
1105703 1273037576 6.945794181818185 50.9267629090909 #INTERPOLATE POINT
1105703 1273037577 6.945757393939397 50.926780969696956 #INTERPOLATE POINT
1105703 1273037578 6.945720606060609 50.926799030303016 #INTERPOLATE POINT
1105703 1273037579 6.945683818181822 50.926817090909076 #INTERPOLATE POINT
1105703 1273037580 6.945647030303034 50.926835151515135 #INTERPOLATE POINT
1105703 1273037581 6.945610242424246 50.926853212121195 #INTERPOLATE POINT
1105703 1273037582 6.945573454545459 50.926871272727254 #INTERPOLATE POINT
1105703 1273037583 6.945536666666671 50.926889333333314 #INTERPOLATE POINT
1105703 1273037584 6.945499878787883 50.92690739393937 #INTERPOLATE POINT
1105703 1273037585 6.9454630909090955 50.92692545454543 #INTERPOLATE POINT
1105703 1273037586 6.945426303030308 50.92694351515149 #INTERPOLATE POINT
1105703 1273037587 6.94538951515152 50.92696157575755 #INTERPOLATE POINT
1105703 1273037588 6.9453527272727325 50.92697963636361 #INTERPOLATE POINT
1105703 1273037589 6.945315939393945 50.92699769696967 #INTERPOLATE POINT
1105703 1273037590 6.945279151515157 50.92701575757573 #INTERPOLATE POINT
1105703 1273037591 6.945242363636369 50.92703381818179 #INTERPOLATE POINT
1105703 1273037592 6.945205575757582 50.92705187878785 #INTERPOLATE POINT
1105703 1273037593 6.945168787878794 50.92706993939391 #INTERPOLATE POINT
1105703 1273037594 6.945132 50.927088 #LAST INTERPOLATE POINT
1105703 1273037595 6.945155683333334 50.927120216666665 #INTERPOLATE POINT
1105703 1273037596 6.945179366666667 50.92715243333333 #INTERPOLATE POINT
1105703 1273037597 6.945203050000001 50.92718465 #INTERPOLATE POINT
1105703 1273037598 6.945226733333334 50.92721686666667 #INTERPOLATE POINT
1105703 1273037599 6.945250416666668 50.927249083333336 #INTERPOLATE POINT
1105703 1273037600 6.945274100000002 50.927281300000004 #INTERPOLATE POINT
1105703 1273037601 6.945297783333335 50.92731351666667 #INTERPOLATE POINT
1105703 1273037602 6.945321466666669 50.92734573333334 #INTERPOLATE POINT
1105703 1273037603 6.945345150000002 50.92737795000001 #INTERPOLATE POINT
1105703 1273037604 6.945368833333336 50.927410166666675 #INTERPOLATE POINT
1105703 1273037605 6.9453925166666695 50.92744238333334 #INTERPOLATE POINT
1105703 1273037606 6.945416200000003 50.92747460000001 #INTERPOLATE POINT
1105703 1273037607 6.945439883333337 50.92750681666668 #INTERPOLATE POINT
1105703 1273037608 6.94546356666667 50.927539033333346 #INTERPOLATE POINT
1105703 1273037609 6.945487250000004 50.927571250000014 #INTERPOLATE POINT
1105703 1273037610 6.945510933333337 50.92760346666668 #INTERPOLATE POINT
1105703 1273037611 6.945534616666671 50.92763568333335 #INTERPOLATE POINT
1105703 1273037612 6.9455583000000045 50.92766790000002 #INTERPOLATE POINT
1105703 1273037613 6.945581983333338 50.927700116666685 #INTERPOLATE POINT
1105703 1273037614 6.945605666666672 50.92773233333335 #INTERPOLATE POINT
1105703 1273037615 6.945629350000005 50.92776455000002 #INTERPOLATE POINT
1105703 1273037616 6.945653033333339 50.92779676666669 #INTERPOLATE POINT
1105703 1273037617 6.945676716666672 50.927828983333356 #INTERPOLATE POINT
1105703 1273037618 6.945700400000006 50.927861200000024 #INTERPOLATE POINT
1105703 1273037619 6.94572408333334 50.92789341666669 #INTERPOLATE POINT
1105703 1273037620 6.945747766666673 50.92792563333336 #INTERPOLATE POINT
1105703 1273037621 6.945771450000007 50.92795785000003 #INTERPOLATE POINT
1105703 1273037622 6.94579513333334 50.927990066666695 #INTERPOLATE POINT
1105703 1273037623 6.945818816666674 50.92802228333336 #INTERPOLATE POINT
1105703 1273037624 6.9458425000000075 50.92805450000003 #INTERPOLATE POINT
1105703 1273037625 6.945866183333341 50.9280867166667 #INTERPOLATE POINT
1105703 1273037626 6.945889866666675 50.928118933333366 #INTERPOLATE POINT
1105703 1273037627 6.945913550000008 50.92815115000003 #INTERPOLATE POINT
1105703 1273037628 6.945937233333342 50.9281833666667 #INTERPOLATE POINT
1105703 1273037629 6.945960916666675 50.92821558333337 #INTERPOLATE POINT
1105703 1273037630 6.945984600000009 50.92824780000004 #INTERPOLATE POINT
1105703 1273037631 6.9460082833333425 50.928280016666704 #INTERPOLATE POINT
1105703 1273037632 6.946031966666676 50.92831223333337 #INTERPOLATE POINT
1105703 1273037633 6.94605565000001 50.92834445000004 #INTERPOLATE POINT
1105703 1273037634 6.946079333333343 50.92837666666671 #INTERPOLATE POINT
1105703 1273037635 6.946103016666677 50.928408883333375 #INTERPOLATE POINT
1105703 1273037636 6.94612670000001 50.92844110000004 #INTERPOLATE POINT
1105703 1273037637 6.946150383333344 50.92847331666671 #INTERPOLATE POINT
1105703 1273037638 6.946174066666678 50.92850553333338 #INTERPOLATE POINT
1105703 1273037639 6.946197750000011 50.92853775000005 #INTERPOLATE POINT
1105703 1273037640 6.946221433333345 50.928569966666714 #INTERPOLATE POINT
1105703 1273037641 6.946245116666678 50.92860218333338 #INTERPOLATE POINT
1105703 1273037642 6.946268800000012 50.92863440000005 #INTERPOLATE POINT
1105703 1273037643 6.9462924833333455 50.92866661666672 #INTERPOLATE POINT
1105703 1273037644 6.946316166666679 50.928698833333385 #INTERPOLATE POINT
1105703 1273037645 6.946339850000013 50.92873105000005 #INTERPOLATE POINT
1105703 1273037646 6.946363533333346 50.92876326666672 #INTERPOLATE POINT
1105703 1273037647 6.94638721666668 50.92879548333339 #INTERPOLATE POINT
1105703 1273037648 6.946410900000013 50.928827700000056 #INTERPOLATE POINT
1105703 1273037649 6.946434583333347 50.928859916666724 #INTERPOLATE POINT
1105703 1273037650 6.9464582666666805 50.92889213333339 #INTERPOLATE POINT
1105703 1273037651 6.946481950000014 50.92892435000006 #INTERPOLATE POINT
1105703 1273037652 6.946505633333348 50.92895656666673 #INTERPOLATE POINT
1105703 1273037653 6.946529316666681 50.928988783333395 #INTERPOLATE POINT
1105703 1273037654 6.946553 50.929021 #LAST INTERPOLATE POINT
1105703 1273037655 6.94657446875 50.929055 #INTERPOLATE POINT
1105703 1273037656 6.9465959375 50.929089 #INTERPOLATE POINT
1105703 1273037657 6.94661740625 50.929123 #INTERPOLATE POINT
1105703 1273037658 6.946638875 50.929157 #INTERPOLATE POINT
1105703 1273037659 6.94666034375 50.929190999999996 #INTERPOLATE POINT
1105703 1273037660 6.9466818125 50.929224999999995 #INTERPOLATE POINT
1105703 1273037661 6.94670328125 50.929258999999995 #INTERPOLATE POINT
1105703 1273037662 6.94672475 50.929292999999994 #INTERPOLATE POINT
1105703 1273037663 6.9467462187499995 50.929326999999994 #INTERPOLATE POINT
1105703 1273037664 6.9467676874999995 50.92936099999999 #INTERPOLATE POINT
1105703 1273037665 6.9467891562499995 50.92939499999999 #INTERPOLATE POINT
1105703 1273037666 6.9468106249999995 50.92942899999999 #INTERPOLATE POINT
1105703 1273037667 6.946832093749999 50.92946299999999 #INTERPOLATE POINT
1105703 1273037668 6.946853562499999 50.92949699999999 #INTERPOLATE POINT
1105703 1273037669 6.946875031249999 50.92953099999999 #INTERPOLATE POINT
1105703 1273037670 6.946896499999999 50.92956499999999 #INTERPOLATE POINT
1105703 1273037671 6.946917968749999 50.92959899999999 #INTERPOLATE POINT
1105703 1273037672 6.946939437499999 50.92963299999999 #INTERPOLATE POINT
1105703 1273037673 6.946960906249999 50.92966699999999 #INTERPOLATE POINT
1105703 1273037674 6.946982374999999 50.92970099999999 #INTERPOLATE POINT
1105703 1273037675 6.947003843749999 50.92973499999999 #INTERPOLATE POINT
1105703 1273037676 6.947025312499999 50.929768999999986 #INTERPOLATE POINT
1105703 1273037677 6.947046781249999 50.929802999999986 #INTERPOLATE POINT
1105703 1273037678 6.947068249999999 50.929836999999985 #INTERPOLATE POINT
1105703 1273037679 6.947089718749999 50.929870999999984 #INTERPOLATE POINT
1105703 1273037680 6.947111187499999 50.929904999999984 #INTERPOLATE POINT
1105703 1273037681 6.947132656249999 50.92993899999998 #INTERPOLATE POINT
1105703 1273037682 6.947154124999999 50.92997299999998 #INTERPOLATE POINT
1105703 1273037683 6.947175593749999 50.93000699999998 #INTERPOLATE POINT
1105703 1273037684 6.947197062499999 50.93004099999998 #INTERPOLATE POINT
1105703 1273037685 6.947218531249999 50.93007499999998 #INTERPOLATE POINT
1105703 1273037686 6.94724 50.930109 #LAST INTERPOLATE POINT
1105703 1273037687 6.947279824324324 50.930114243243246 #INTERPOLATE POINT
1105703 1273037688 6.947319648648649 50.93011948648649 #INTERPOLATE POINT
1105703 1273037689 6.947359472972973 50.930124729729734 #INTERPOLATE POINT
1105703 1273037690 6.947399297297298 50.93012997297298 #INTERPOLATE POINT
1105703 1273037691 6.947439121621622 50.93013521621622 #INTERPOLATE POINT
1105703 1273037692 6.947478945945947 50.930140459459466 #INTERPOLATE POINT
1105703 1273037693 6.947518770270271 50.93014570270271 #INTERPOLATE POINT
1105703 1273037694 6.947558594594596 50.930150945945954 #INTERPOLATE POINT
1105703 1273037695 6.94759841891892 50.9301561891892 #INTERPOLATE POINT
1105703 1273037696 6.947638243243245 50.93016143243244 #INTERPOLATE POINT
1105703 1273037697 6.947678067567569 50.930166675675686 #INTERPOLATE POINT
1105703 1273037698 6.947717891891894 50.93017191891893 #INTERPOLATE POINT
1105703 1273037699 6.947757716216218 50.930177162162174 #INTERPOLATE POINT
1105703 1273037700 6.9477975405405425 50.93018240540542 #INTERPOLATE POINT
1105703 1273037701 6.947837364864867 50.93018764864866 #INTERPOLATE POINT
1105703 1273037702 6.9478771891891915 50.930192891891906 #INTERPOLATE POINT
1105703 1273037703 6.947917013513516 50.93019813513515 #INTERPOLATE POINT
1105703 1273037704 6.9479568378378405 50.930203378378394 #INTERPOLATE POINT
1105703 1273037705 6.947996662162165 50.93020862162164 #INTERPOLATE POINT
1105703 1273037706 6.948036486486489 50.93021386486488 #INTERPOLATE POINT
1105703 1273037707 6.948076310810814 50.930219108108126 #INTERPOLATE POINT
1105703 1273037708 6.948116135135138 50.93022435135137 #INTERPOLATE POINT
1105703 1273037709 6.948155959459463 50.930229594594614 #INTERPOLATE POINT
1105703 1273037710 6.948195783783787 50.93023483783786 #INTERPOLATE POINT
1105703 1273037711 6.948235608108112 50.9302400810811 #INTERPOLATE POINT
1105703 1273037712 6.948275432432436 50.930245324324346 #INTERPOLATE POINT
1105703 1273037713 6.948315256756761 50.93025056756759 #INTERPOLATE POINT
1105703 1273037714 6.948355081081085 50.930255810810834 #INTERPOLATE POINT
1105703 1273037715 6.94839490540541 50.93026105405408 #INTERPOLATE POINT
1105703 1273037716 6.948434729729734 50.93026629729732 #INTERPOLATE POINT
1105703 1273037717 6.948474554054059 50.930271540540566 #INTERPOLATE POINT
1105703 1273037718 6.948514378378383 50.93027678378381 #INTERPOLATE POINT
1105703 1273037719 6.948554202702708 50.930282027027054 #INTERPOLATE POINT
1105703 1273037720 6.948594027027032 50.9302872702703 #INTERPOLATE POINT
1105703 1273037721 6.948633851351357 50.93029251351354 #INTERPOLATE POINT
1105703 1273037722 6.948673675675681 50.93029775675679 #INTERPOLATE POINT
1105703 1273037723 6.9487135000000055 50.93030300000003 #INTERPOLATE POINT
1105703 1273037724 6.94875332432433 50.930308243243275 #INTERPOLATE POINT
1105703 1273037725 6.9487931486486545 50.93031348648652 #INTERPOLATE POINT
1105703 1273037726 6.948832972972979 50.93031872972976 #INTERPOLATE POINT
1105703 1273037727 6.9488727972973034 50.93032397297301 #INTERPOLATE POINT
1105703 1273037728 6.948912621621628 50.93032921621625 #INTERPOLATE POINT
1105703 1273037729 6.948952445945952 50.930334459459495 #INTERPOLATE POINT
1105703 1273037730 6.948992270270277 50.93033970270274 #INTERPOLATE POINT
1105703 1273037731 6.949032094594601 50.93034494594598 #INTERPOLATE POINT
1105703 1273037732 6.949071918918926 50.93035018918923 #INTERPOLATE POINT
1105703 1273037733 6.94911174324325 50.93035543243247 #INTERPOLATE POINT
1105703 1273037734 6.949151567567575 50.930360675675715 #INTERPOLATE POINT
1105703 1273037735 6.949191391891899 50.93036591891896 #INTERPOLATE POINT
1105703 1273037736 6.949231216216224 50.9303711621622 #INTERPOLATE POINT
1105703 1273037737 6.949271040540548 50.93037640540545 #INTERPOLATE POINT
1105703 1273037738 6.949310864864873 50.93038164864869 #INTERPOLATE POINT
1105703 1273037739 6.949350689189197 50.930386891891935 #INTERPOLATE POINT
1105703 1273037740 6.949390513513522 50.93039213513518 #INTERPOLATE POINT
1105703 1273037741 6.949430337837846 50.93039737837842 #INTERPOLATE POINT
1105703 1273037742 6.949470162162171 50.93040262162167 #INTERPOLATE POINT
1105703 1273037743 6.949509986486495 50.93040786486491 #INTERPOLATE POINT
1105703 1273037744 6.94954981081082 50.930413108108155 #INTERPOLATE POINT
1105703 1273037745 6.949589635135144 50.9304183513514 #INTERPOLATE POINT
1105703 1273037746 6.9496294594594685 50.93042359459464 #INTERPOLATE POINT
1105703 1273037747 6.949669283783793 50.93042883783789 #INTERPOLATE POINT
1105703 1273037748 6.9497091081081175 50.93043408108113 #INTERPOLATE POINT
1105703 1273037749 6.949748932432442 50.930439324324375 #INTERPOLATE POINT
1105703 1273037750 6.949788756756766 50.93044456756762 #INTERPOLATE POINT
1105703 1273037751 6.949828581081091 50.93044981081086 #INTERPOLATE POINT
1105703 1273037752 6.949868405405415 50.93045505405411 #INTERPOLATE POINT
1105703 1273037753 6.94990822972974 50.93046029729735 #INTERPOLATE POINT
1105703 1273037754 6.949948054054064 50.930465540540595 #INTERPOLATE POINT
1105703 1273037755 6.949987878378389 50.93047078378384 #INTERPOLATE POINT
1105703 1273037756 6.950027702702713 50.93047602702708 #INTERPOLATE POINT
1105703 1273037757 6.950067527027038 50.93048127027033 #INTERPOLATE POINT
1105703 1273037758 6.950107351351362 50.93048651351357 #INTERPOLATE POINT
1105703 1273037759 6.950147175675687 50.930491756756815 #INTERPOLATE POINT
1105703 1273037760 6.950187 50.930497 #LAST INTERPOLATE POINT
1105703 1273037760 6.950187 50.930497 #NO INTERPOLATE
1105703 1273037761 6.950309666666667 50.930509444444446 #INTERPOLATE POINT
1105703 1273037762 6.9504323333333335 50.93052188888889 #INTERPOLATE POINT
1105703 1273037763 6.9505550000000005 50.930534333333334 #INTERPOLATE POINT
1105703 1273037764 6.950677666666667 50.93054677777778 #INTERPOLATE POINT
1105703 1273037765 6.950800333333334 50.93055922222222 #INTERPOLATE POINT
1105703 1273037766 6.950923000000001 50.930571666666665 #INTERPOLATE POINT
1105703 1273037767 6.951045666666668 50.93058411111111 #INTERPOLATE POINT
1105703 1273037768 6.951168333333335 50.93059655555555 #INTERPOLATE POINT
1105703 1273037769 6.951291 50.930609 #LAST INTERPOLATE POINT
1105703 1273037770 6.95139 50.930586999999996 #INTERPOLATE POINT
1105703 1273037771 6.951489 50.930564999999994 #INTERPOLATE POINT
1105703 1273037772 6.951588 50.930543 #LAST INTERPOLATE POINT
1105703 1273037773 6.951663 50.930436 #NO INTERPOLATE
1105703 1273037773 6.951505315789474 50.93047284210526 #INTERPOLATE POINT
1105703 1273037774 6.951422631578947 50.93040268421052 #INTERPOLATE POINT
1105703 1273037775 6.951339947368421 50.93033252631578 #INTERPOLATE POINT
1105703 1273037776 6.951257263157895 50.93026236842104 #INTERPOLATE POINT
1105703 1273037777 6.951174578947368 50.9301922105263 #INTERPOLATE POINT
1105703 1273037778 6.951091894736842 50.93012205263156 #INTERPOLATE POINT
1105703 1273037779 6.9510092105263155 50.93005189473682 #INTERPOLATE POINT
1105703 1273037780 6.950926526315789 50.92998173684208 #INTERPOLATE POINT
1105703 1273037781 6.950843842105263 50.92991157894734 #INTERPOLATE POINT
1105703 1273037782 6.950761157894736 50.9298414210526 #INTERPOLATE POINT
1105703 1273037783 6.95067847368421 50.92977126315786 #INTERPOLATE POINT
1105703 1273037784 6.950595789473684 50.92970110526312 #INTERPOLATE POINT
1105703 1273037785 6.950513105263157 50.92963094736838 #INTERPOLATE POINT
1105703 1273037786 6.950430421052631 50.92956078947364 #INTERPOLATE POINT
1105703 1273037787 6.9503477368421045 50.9294906315789 #INTERPOLATE POINT
1105703 1273037788 6.950265052631578 50.92942047368416 #INTERPOLATE POINT
1105703 1273037789 6.950182368421052 50.92935031578942 #INTERPOLATE POINT
1105703 1273037790 6.950099684210525 50.92928015789468 #INTERPOLATE POINT
1105703 1273037791 6.950017 50.92921 #LAST INTERPOLATE POINT
1105703 1273037792 6.950030818181818 50.9293269090909 #INTERPOLATE POINT
1105703 1273037793 6.950044636363637 50.92944381818181 #INTERPOLATE POINT
1105703 1273037794 6.950058454545455 50.929560727272715 #INTERPOLATE POINT
1105703 1273037795 6.950072272727273 50.92967763636362 #INTERPOLATE POINT
1105703 1273037796 6.950086090909092 50.92979454545453 #INTERPOLATE POINT
1105703 1273037797 6.95009990909091 50.92991145454543 #INTERPOLATE POINT
1105703 1273037798 6.950113727272728 50.93002836363634 #INTERPOLATE POINT
1105703 1273037799 6.950127545454547 50.930145272727245 #INTERPOLATE POINT
1105703 1273037800 6.950141363636365 50.93026218181815 #INTERPOLATE POINT
1105703 1273037801 6.950155181818183 50.93037909090906 #INTERPOLATE POINT
1105703 1273037802 6.950169 50.930496 #LAST INTERPOLATE POINT
1105703 1273037803 6.950279571428571 50.930515904761904 #INTERPOLATE POINT
1105703 1273037804 6.950390142857143 50.93053580952381 #INTERPOLATE POINT
1105703 1273037805 6.950500714285714 50.93055571428572 #INTERPOLATE POINT
1105703 1273037806 6.950611285714285 50.93057561904762 #INTERPOLATE POINT
1105703 1273037807 6.950721857142857 50.93059552380953 #INTERPOLATE POINT
1105703 1273037808 6.950832428571428 50.930615428571436 #INTERPOLATE POINT
1105703 1273037809 6.950943 50.93063533333334 #INTERPOLATE POINT
1105703 1273037810 6.951053571428571 50.93065523809525 #INTERPOLATE POINT
1105703 1273037811 6.9511641428571425 50.930675142857154 #INTERPOLATE POINT
1105703 1273037812 6.951274714285714 50.93069504761906 #INTERPOLATE POINT
1105703 1273037813 6.951385285714285 50.93071495238097 #INTERPOLATE POINT
1105703 1273037814 6.951495857142857 50.93073485714287 #INTERPOLATE POINT
1105703 1273037815 6.951606428571428 50.93075476190478 #INTERPOLATE POINT
1105703 1273037816 6.9517169999999995 50.930774666666686 #INTERPOLATE POINT
1105703 1273037817 6.951827571428571 50.93079457142859 #INTERPOLATE POINT
1105703 1273037818 6.951938142857142 50.9308144761905 #INTERPOLATE POINT
1105703 1273037819 6.952048714285714 50.930834380952405 #INTERPOLATE POINT
1105703 1273037820 6.952159285714285 50.93085428571431 #INTERPOLATE POINT
1105703 1273037821 6.9522698571428565 50.93087419047622 #INTERPOLATE POINT
1105703 1273037822 6.952380428571428 50.93089409523812 #INTERPOLATE POINT
1105703 1273037823 6.952491 50.930914 #LAST INTERPOLATE POINT
1105703 1273037824 6.952602692307693 50.930962923076926 #INTERPOLATE POINT
1105703 1273037825 6.952714384615385 50.93101184615385 #INTERPOLATE POINT
1105703 1273037826 6.952826076923078 50.931060769230776 #INTERPOLATE POINT
1105703 1273037827 6.95293776923077 50.9311096923077 #INTERPOLATE POINT
1105703 1273037828 6.953049461538463 50.931158615384625 #INTERPOLATE POINT
1105703 1273037829 6.953161153846155 50.93120753846155 #INTERPOLATE POINT
1105703 1273037830 6.9532728461538476 50.931256461538474 #INTERPOLATE POINT
1105703 1273037831 6.95338453846154 50.9313053846154 #INTERPOLATE POINT
1105703 1273037832 6.9534962307692325 50.931354307692324 #INTERPOLATE POINT
1105703 1273037833 6.953607923076925 50.93140323076925 #INTERPOLATE POINT
1105703 1273037834 6.9537196153846175 50.93145215384617 #INTERPOLATE POINT
1105703 1273037835 6.95383130769231 50.9315010769231 #INTERPOLATE POINT
1105703 1273037836 6.953943 50.93155 #LAST INTERPOLATE POINT
1105703 1273037837 6.954035333333333 50.931609 #INTERPOLATE POINT
1105703 1273037838 6.954127666666666 50.931668 #INTERPOLATE POINT
1105703 1273037839 6.9542199999999985 50.931727 #INTERPOLATE POINT
1105703 1273037840 6.954312333333331 50.931786 #INTERPOLATE POINT
1105703 1273037841 6.954404666666664 50.931845 #INTERPOLATE POINT
1105703 1273037842 6.954496999999997 50.931904 #INTERPOLATE POINT
1105703 1273037843 6.95458933333333 50.931963 #INTERPOLATE POINT
1105703 1273037844 6.954681666666663 50.932022 #INTERPOLATE POINT
1105703 1273037845 6.954773999999996 50.932081000000004 #INTERPOLATE POINT
1105703 1273037846 6.954866333333329 50.932140000000004 #INTERPOLATE POINT
1105703 1273037847 6.954958666666662 50.932199000000004 #INTERPOLATE POINT
1105703 1273037848 6.955050999999995 50.932258000000004 #INTERPOLATE POINT
1105703 1273037849 6.955143333333328 50.932317000000005 #INTERPOLATE POINT
1105703 1273037850 6.955235666666661 50.932376000000005 #INTERPOLATE POINT
1105703 1273037851 6.955328 50.932435 #LAST INTERPOLATE POINT
1105703 1273037852 6.9554393333333335 50.93248466666667 #INTERPOLATE POINT
1105703 1273037853 6.955550666666667 50.93253433333334 #INTERPOLATE POINT
1105703 1273037854 6.955662 50.932584 #LAST INTERPOLATE POINT
1105703 1273037855 6.955770222222222 50.93261566666666 #INTERPOLATE POINT
1105703 1273037856 6.955878444444444 50.93264733333333 #INTERPOLATE POINT
1105703 1273037857 6.955986666666666 50.93267899999999 #INTERPOLATE POINT
1105703 1273037858 6.956094888888888 50.93271066666666 #INTERPOLATE POINT
1105703 1273037859 6.95620311111111 50.93274233333332 #INTERPOLATE POINT
1105703 1273037860 6.956311333333332 50.93277399999999 #INTERPOLATE POINT
1105703 1273037861 6.956419555555554 50.93280566666665 #INTERPOLATE POINT
1105703 1273037862 6.956527777777776 50.93283733333332 #INTERPOLATE POINT
1105703 1273037863 6.956636 50.932869 #LAST INTERPOLATE POINT
1105703 1273037864 6.956746 50.9329146 #INTERPOLATE POINT
1105703 1273037865 6.956856 50.9329602 #INTERPOLATE POINT
1105703 1273037866 6.956966 50.9330058 #INTERPOLATE POINT
1105703 1273037867 6.957076000000001 50.9330514 #INTERPOLATE POINT
1105703 1273037868 6.957186000000001 50.933097 #INTERPOLATE POINT
1105703 1273037869 6.957296000000001 50.9331426 #INTERPOLATE POINT
1105703 1273037870 6.9574060000000015 50.9331882 #INTERPOLATE POINT
1105703 1273037871 6.957516000000002 50.9332338 #INTERPOLATE POINT
1105703 1273037872 6.957626000000002 50.933279399999996 #INTERPOLATE POINT
1105703 1273037873 6.957736 50.933325 #LAST INTERPOLATE POINT
1105703 1273037874 6.9578494 50.9333424 #INTERPOLATE POINT
1105703 1273037875 6.9579628 50.9333598 #INTERPOLATE POINT
1105703 1273037876 6.9580762 50.933377199999995 #INTERPOLATE POINT
1105703 1273037877 6.9581896 50.93339459999999 #INTERPOLATE POINT
1105703 1273037878 6.958303 50.93341199999999 #INTERPOLATE POINT
1105703 1273037879 6.9584164 50.93342939999999 #INTERPOLATE POINT
1105703 1273037880 6.9585298 50.933446799999984 #INTERPOLATE POINT
1105703 1273037881 6.9586432 50.93346419999998 #INTERPOLATE POINT
1105703 1273037882 6.9587566 50.93348159999998 #INTERPOLATE POINT
1105703 1273037883 6.95887 50.933498999999976 #INTERPOLATE POINT
1105703 1273037884 6.9589834 50.933516399999974 #INTERPOLATE POINT
1105703 1273037885 6.9590968 50.93353379999997 #INTERPOLATE POINT
1105703 1273037886 6.9592102 50.93355119999997 #INTERPOLATE POINT
1105703 1273037887 6.9593236 50.933568599999965 #INTERPOLATE POINT
1105703 1273037888 6.959437 50.933586 #LAST INTERPOLATE POINT
1105703 1273037889 6.959537 50.933684 #INTERPOLATE POINT
1105703 1273037890 6.959637 50.933782 #LAST INTERPOLATE POINT
1105703 1273037891 6.959674875 50.933884875000004 #INTERPOLATE POINT
1105703 1273037892 6.9597127500000004 50.93398775 #INTERPOLATE POINT
1105703 1273037893 6.959750625000001 50.934090624999996 #INTERPOLATE POINT
1105703 1273037894 6.959788500000001 50.93419349999999 #INTERPOLATE POINT
1105703 1273037895 6.959826375000001 50.93429637499999 #INTERPOLATE POINT
1105703 1273037896 6.959864250000002 50.934399249999984 #INTERPOLATE POINT
1105703 1273037897 6.959902125000002 50.93450212499998 #INTERPOLATE POINT
1105703 1273037898 6.95994 50.934605 #LAST INTERPOLATE POINT
1105703 1273037899 6.960023714285714 50.934670857142855 #INTERPOLATE POINT
1105703 1273037900 6.960107428571428 50.93473671428571 #INTERPOLATE POINT
1105703 1273037901 6.960191142857142 50.93480257142857 #INTERPOLATE POINT
1105703 1273037902 6.960274857142856 50.93486842857143 #INTERPOLATE POINT
1105703 1273037903 6.9603585714285705 50.934934285714284 #INTERPOLATE POINT
1105703 1273037904 6.960442285714285 50.93500014285714 #INTERPOLATE POINT
1105703 1273037905 6.960526 50.935066 #LAST INTERPOLATE POINT
1105703 1273037906 6.96058575 50.93519075 #INTERPOLATE POINT
1105703 1273037907 6.9606455 50.935315499999994 #INTERPOLATE POINT
1105703 1273037908 6.96070525 50.93544024999999 #INTERPOLATE POINT
1105703 1273037909 6.960765 50.935565 #LAST INTERPOLATE POINT
1105703 1273037910 6.960871363636364 50.935607454545455 #INTERPOLATE POINT
1105703 1273037911 6.960977727272727 50.93564990909091 #INTERPOLATE POINT
1105703 1273037912 6.9610840909090905 50.93569236363637 #INTERPOLATE POINT
1105703 1273037913 6.961190454545454 50.93573481818183 #INTERPOLATE POINT
1105703 1273037914 6.961296818181817 50.935777272727286 #INTERPOLATE POINT
1105703 1273037915 6.961403181818181 50.935819727272744 #INTERPOLATE POINT
1105703 1273037916 6.961509545454544 50.9358621818182 #INTERPOLATE POINT
1105703 1273037917 6.9616159090909076 50.93590463636366 #INTERPOLATE POINT
1105703 1273037918 6.961722272727271 50.93594709090912 #INTERPOLATE POINT
1105703 1273037919 6.961828636363634 50.935989545454575 #INTERPOLATE POINT
1105703 1273037920 6.961935 50.936032 #LAST INTERPOLATE POINT
1105703 1273037921 6.9620422500000005 50.936046999999995 #INTERPOLATE POINT
1105703 1273037922 6.962149500000001 50.93606199999999 #INTERPOLATE POINT
1105703 1273037923 6.962256750000001 50.93607699999999 #INTERPOLATE POINT
1105703 1273037924 6.962364000000001 50.93609199999999 #INTERPOLATE POINT
1105703 1273037925 6.962471250000001 50.936106999999986 #INTERPOLATE POINT
1105703 1273037926 6.962578500000001 50.93612199999998 #INTERPOLATE POINT
1105703 1273037927 6.962685750000001 50.93613699999998 #INTERPOLATE POINT
1105703 1273037928 6.962793 50.936152 #LAST INTERPOLATE POINT
1105703 1273037929 6.962907347826087 50.93615858695652 #INTERPOLATE POINT
1105703 1273037930 6.9630216956521735 50.93616517391305 #INTERPOLATE POINT
1105703 1273037931 6.9631360434782605 50.93617176086957 #INTERPOLATE POINT
1105703 1273037932 6.9632503913043475 50.93617834782609 #INTERPOLATE POINT
1105703 1273037933 6.9633647391304345 50.93618493478262 #INTERPOLATE POINT
1105703 1273037934 6.9634790869565215 50.93619152173914 #INTERPOLATE POINT
1105703 1273037935 6.9635934347826085 50.93619810869566 #INTERPOLATE POINT
1105703 1273037936 6.9637077826086955 50.93620469565219 #INTERPOLATE POINT
1105703 1273037937 6.9638221304347825 50.93621128260871 #INTERPOLATE POINT
1105703 1273037938 6.9639364782608695 50.93621786956523 #INTERPOLATE POINT
1105703 1273037939 6.9640508260869565 50.93622445652176 #INTERPOLATE POINT
1105703 1273037940 6.9641651739130435 50.93623104347828 #INTERPOLATE POINT
1105703 1273037941 6.9642795217391305 50.9362376304348 #INTERPOLATE POINT
1105703 1273037942 6.964393869565217 50.93624421739133 #INTERPOLATE POINT
1105703 1273037943 6.964508217391304 50.93625080434785 #INTERPOLATE POINT
1105703 1273037944 6.964622565217391 50.93625739130437 #INTERPOLATE POINT
1105703 1273037945 6.964736913043478 50.9362639782609 #INTERPOLATE POINT
1105703 1273037946 6.964851260869565 50.93627056521742 #INTERPOLATE POINT
1105703 1273037947 6.964965608695652 50.93627715217394 #INTERPOLATE POINT
1105703 1273037948 6.965079956521739 50.93628373913047 #INTERPOLATE POINT
1105703 1273037949 6.965194304347826 50.93629032608699 #INTERPOLATE POINT
1105703 1273037950 6.965308652173913 50.93629691304351 #INTERPOLATE POINT
1105703 1273037951 6.965423 50.93630350000004 #INTERPOLATE POINT
1105703 1273037952 6.965537347826087 50.93631008695656 #INTERPOLATE POINT
1105703 1273037953 6.965651695652174 50.93631667391308 #INTERPOLATE POINT
1105703 1273037954 6.965766043478261 50.93632326086961 #INTERPOLATE POINT
1105703 1273037955 6.965880391304348 50.93632984782613 #INTERPOLATE POINT
1105703 1273037956 6.965994739130435 50.93633643478265 #INTERPOLATE POINT
1105703 1273037957 6.966109086956522 50.93634302173918 #INTERPOLATE POINT
1105703 1273037958 6.966223434782609 50.9363496086957 #INTERPOLATE POINT
1105703 1273037959 6.966337782608696 50.93635619565222 #INTERPOLATE POINT
1105703 1273037960 6.966452130434783 50.93636278260875 #INTERPOLATE POINT
1105703 1273037961 6.96656647826087 50.93636936956527 #INTERPOLATE POINT
1105703 1273037962 6.966680826086957 50.93637595652179 #INTERPOLATE POINT
1105703 1273037963 6.966795173913044 50.93638254347832 #INTERPOLATE POINT
1105703 1273037964 6.966909521739131 50.93638913043484 #INTERPOLATE POINT
1105703 1273037965 6.967023869565218 50.93639571739136 #INTERPOLATE POINT
1105703 1273037966 6.967138217391305 50.93640230434789 #INTERPOLATE POINT
1105703 1273037967 6.967252565217392 50.93640889130441 #INTERPOLATE POINT
1105703 1273037968 6.967366913043479 50.93641547826093 #INTERPOLATE POINT
1105703 1273037969 6.967481260869566 50.93642206521746 #INTERPOLATE POINT
1105703 1273037970 6.967595608695653 50.93642865217398 #INTERPOLATE POINT
1105703 1273037971 6.96770995652174 50.9364352391305 #INTERPOLATE POINT
1105703 1273037972 6.967824304347827 50.93644182608703 #INTERPOLATE POINT
1105703 1273037973 6.967938652173914 50.93644841304355 #INTERPOLATE POINT
1105703 1273037974 6.968053 50.936455 #LAST INTERPOLATE POINT
1105703 1273037975 6.968173388888889 50.936458388888894 #INTERPOLATE POINT
1105703 1273037976 6.968293777777778 50.93646177777778 #INTERPOLATE POINT
1105703 1273037977 6.968414166666667 50.936465166666665 #INTERPOLATE POINT
1105703 1273037978 6.968534555555556 50.93646855555555 #INTERPOLATE POINT
1105703 1273037979 6.968654944444445 50.936471944444435 #INTERPOLATE POINT
1105703 1273037980 6.968775333333334 50.93647533333332 #INTERPOLATE POINT
1105703 1273037981 6.968895722222223 50.936478722222205 #INTERPOLATE POINT
1105703 1273037982 6.969016111111112 50.93648211111109 #INTERPOLATE POINT
1105703 1273037983 6.969136500000001 50.936485499999975 #INTERPOLATE POINT
1105703 1273037984 6.96925688888889 50.93648888888886 #INTERPOLATE POINT
1105703 1273037985 6.969377277777779 50.936492277777745 #INTERPOLATE POINT
1105703 1273037986 6.969497666666668 50.93649566666663 #INTERPOLATE POINT
1105703 1273037987 6.969618055555557 50.936499055555515 #INTERPOLATE POINT
1105703 1273037988 6.969738444444446 50.9365024444444 #INTERPOLATE POINT
1105703 1273037989 6.969858833333335 50.936505833333285 #INTERPOLATE POINT
1105703 1273037990 6.969979222222224 50.93650922222217 #INTERPOLATE POINT
1105703 1273037991 6.970099611111113 50.936512611111056 #INTERPOLATE POINT
1105703 1273037992 6.97022 50.936516 #LAST INTERPOLATE POINT
1105703 1273037993 6.97032425 50.93652475 #INTERPOLATE POINT
1105703 1273037994 6.9704285 50.936533499999996 #INTERPOLATE POINT
1105703 1273037995 6.970532749999999 50.936542249999995 #INTERPOLATE POINT
1105703 1273037996 6.970637 50.936551 #LAST INTERPOLATE POINT
1105703 1273037997 6.970761333333333 50.936585666666666 #INTERPOLATE POINT
1105703 1273037998 6.970885666666666 50.93662033333333 #INTERPOLATE POINT
1105703 1273037999 6.97101 50.936655 #LAST INTERPOLATE POINT
