1036825 1273034010 6.866073 50.937946
1036825 1273034011 6.8634375 50.937938 #INTERPOLATE POINT
1036825 1273034012 6.860802 50.93793 #LAST INTERPOLATE POINT
1036825 1273034012 6.861053 50.937894 #NO INTERPOLATE
1036825 1273034013 6.8584175 50.937977000000004 #INTERPOLATE POINT
1036825 1273034014 6.856033 50.938024 #LAST INTERPOLATE POINT
1036825 1273034015 6.855991 50.937939 #NO INTERPOLATE
1036825 1273034015 6.85602 50.937872 #NO INTERPOLATE
1036825 1273034015 6.8577475 50.937946749999995 #INTERPOLATE POINT
1036825 1273034016 6.859462000000001 50.93786949999999 #INTERPOLATE POINT
1036825 1273034017 6.861176500000001 50.93779224999999 #INTERPOLATE POINT
1036825 1273034018 6.862891 50.937715 #LAST INTERPOLATE POINT
1036825 1273034018 6.863672 50.937857 #NO INTERPOLATE
1036825 1273034019 6.864435500000001 50.937783499999995 #INTERPOLATE POINT
1036825 1273034020 6.86598 50.937852 #LAST INTERPOLATE POINT
1036825 1273034020 6.86598 50.937852 #NO INTERPOLATE
1036825 1273034020 6.86598 50.937852 #NO INTERPOLATE
1036825 1273034021 6.86598 50.937852 #INTERPOLATE POINT
1036825 1273034022 6.86598 50.937852 #INTERPOLATE POINT
1036825 1273034023 6.86598 50.937852 #INTERPOLATE POINT
1036825 1273034024 6.86598 50.937852 #INTERPOLATE POINT
1036825 1273034025 6.86598 50.937852 #INTERPOLATE POINT
1036825 1273034026 6.86598 50.937852 #INTERPOLATE POINT
1036825 1273034027 6.86598 50.937852 #INTERPOLATE POINT
1036825 1273034028 6.86598 50.937852 #INTERPOLATE POINT
1036825 1273034029 6.86598 50.937852 #INTERPOLATE POINT
1036825 1273034030 6.86598 50.937852 #LAST INTERPOLATE POINT
1036825 1273034031 6.866048500000001 50.9378513 #INTERPOLATE POINT
1036825 1273034032 6.866117000000001 50.9378506 #INTERPOLATE POINT
1036825 1273034033 6.866185500000001 50.937849899999996 #INTERPOLATE POINT
1036825 1273034034 6.866254000000001 50.937849199999995 #INTERPOLATE POINT
1036825 1273034035 6.866322500000002 50.937848499999994 #INTERPOLATE POINT
1036825 1273034036 6.866391000000002 50.93784779999999 #INTERPOLATE POINT
1036825 1273034037 6.866459500000002 50.93784709999999 #INTERPOLATE POINT
1036825 1273034038 6.866528000000002 50.93784639999999 #INTERPOLATE POINT
1036825 1273034039 6.866596500000003 50.93784569999999 #INTERPOLATE POINT
1036825 1273034040 6.866665 50.937845 #LAST INTERPOLATE POINT
1036825 1273034040 6.866665 50.937845 #NO INTERPOLATE
1036825 1273034041 6.8668568 50.9378328 #INTERPOLATE POINT
1036825 1273034042 6.8670485999999995 50.9378206 #INTERPOLATE POINT
1036825 1273034043 6.867240399999999 50.9378084 #INTERPOLATE POINT
1036825 1273034044 6.867432199999999 50.9377962 #INTERPOLATE POINT
1036825 1273034045 6.867624 50.937784 #LAST INTERPOLATE POINT
1036825 1273034046 6.8678082 50.9377826 #INTERPOLATE POINT
1036825 1273034047 6.867992399999999 50.937781199999996 #INTERPOLATE POINT
1036825 1273034048 6.868176599999999 50.937779799999994 #INTERPOLATE POINT
1036825 1273034049 6.868360799999999 50.93777839999999 #INTERPOLATE POINT
1036825 1273034050 6.868545 50.937777 #LAST INTERPOLATE POINT
1036825 1273034050 6.868545 50.937777 #NO INTERPOLATE
1036825 1273034051 6.8687344 50.937776299999996 #INTERPOLATE POINT
1036825 1273034052 6.8689238 50.937775599999995 #INTERPOLATE POINT
1036825 1273034053 6.8691132 50.937774899999994 #INTERPOLATE POINT
1036825 1273034054 6.8693026 50.93777419999999 #INTERPOLATE POINT
1036825 1273034055 6.869492 50.93777349999999 #INTERPOLATE POINT
1036825 1273034056 6.8696814 50.93777279999999 #INTERPOLATE POINT
1036825 1273034057 6.8698708 50.93777209999999 #INTERPOLATE POINT
1036825 1273034058 6.8700602 50.93777139999999 #INTERPOLATE POINT
1036825 1273034059 6.8702496 50.93777069999999 #INTERPOLATE POINT
1036825 1273034060 6.870439 50.93777 #LAST INTERPOLATE POINT
1036825 1273034060 6.870439 50.93777 #NO INTERPOLATE
1036825 1273034061 6.8706381 50.93777 #INTERPOLATE POINT
1036825 1273034062 6.8708371999999995 50.93777 #INTERPOLATE POINT
1036825 1273034063 6.871036299999999 50.93777 #INTERPOLATE POINT
1036825 1273034064 6.871235399999999 50.93777 #INTERPOLATE POINT
1036825 1273034065 6.871434499999999 50.93777 #INTERPOLATE POINT
1036825 1273034066 6.871633599999998 50.93777 #INTERPOLATE POINT
1036825 1273034067 6.871832699999998 50.93777 #INTERPOLATE POINT
1036825 1273034068 6.872031799999998 50.93777 #INTERPOLATE POINT
1036825 1273034069 6.872230899999997 50.93777 #INTERPOLATE POINT
1036825 1273034070 6.87243 50.93777 #LAST INTERPOLATE POINT
1036825 1273034070 6.87243 50.93777 #NO INTERPOLATE
1036825 1273034071 6.8726199999999995 50.9377695 #INTERPOLATE POINT
1036825 1273034072 6.872809999999999 50.937769 #INTERPOLATE POINT
1036825 1273034073 6.872999999999999 50.937768500000004 #INTERPOLATE POINT
1036825 1273034074 6.873189999999999 50.937768000000005 #INTERPOLATE POINT
1036825 1273034075 6.873379999999999 50.93776750000001 #INTERPOLATE POINT
1036825 1273034076 6.873569999999999 50.93776700000001 #INTERPOLATE POINT
1036825 1273034077 6.873759999999999 50.93776650000001 #INTERPOLATE POINT
1036825 1273034078 6.873949999999999 50.93776600000001 #INTERPOLATE POINT
1036825 1273034079 6.874139999999999 50.93776550000001 #INTERPOLATE POINT
1036825 1273034080 6.87433 50.937765 #LAST INTERPOLATE POINT
1036825 1273034080 6.87433 50.937765 #NO INTERPOLATE
1036825 1273034081 6.874518 50.9377644 #INTERPOLATE POINT
1036825 1273034082 6.874706 50.9377638 #INTERPOLATE POINT
1036825 1273034083 6.874893999999999 50.9377632 #INTERPOLATE POINT
1036825 1273034084 6.875081999999999 50.9377626 #INTERPOLATE POINT
1036825 1273034085 6.875269999999999 50.937762 #INTERPOLATE POINT
1036825 1273034086 6.875457999999998 50.9377614 #INTERPOLATE POINT
1036825 1273034087 6.875645999999998 50.9377608 #INTERPOLATE POINT
1036825 1273034088 6.875833999999998 50.9377602 #INTERPOLATE POINT
1036825 1273034089 6.876021999999997 50.9377596 #INTERPOLATE POINT
1036825 1273034090 6.87621 50.937759 #LAST INTERPOLATE POINT
1036825 1273034090 6.87621 50.937759 #NO INTERPOLATE
1036825 1273034091 6.8763173 50.9377591 #INTERPOLATE POINT
1036825 1273034092 6.8764246 50.9377592 #INTERPOLATE POINT
1036825 1273034093 6.8765319 50.9377593 #INTERPOLATE POINT
1036825 1273034094 6.8766392 50.937759400000004 #INTERPOLATE POINT
1036825 1273034095 6.876746499999999 50.937759500000006 #INTERPOLATE POINT
1036825 1273034096 6.876853799999999 50.93775960000001 #INTERPOLATE POINT
1036825 1273034097 6.876961099999999 50.93775970000001 #INTERPOLATE POINT
1036825 1273034098 6.877068399999999 50.93775980000001 #INTERPOLATE POINT
1036825 1273034099 6.877175699999999 50.93775990000001 #INTERPOLATE POINT
1036825 1273034100 6.877283 50.93776 #LAST INTERPOLATE POINT
1036825 1273034100 6.877283 50.93776 #NO INTERPOLATE
1036825 1273034101 6.878445 50.93771533333333 #INTERPOLATE POINT
1036825 1273034102 6.879607 50.93767066666666 #INTERPOLATE POINT
1036825 1273034103 6.880769 50.937626 #LAST INTERPOLATE POINT
1036825 1273034104 6.881994 50.937632 #NO INTERPOLATE
1036825 1273034104 6.882181 50.937789 #NO INTERPOLATE
1036825 1273034104 6.882201 50.937696 #NO INTERPOLATE
1036825 1273034104 6.8808615 50.9377185 #INTERPOLATE POINT
1036825 1273034105 6.880954 50.937811 #LAST INTERPOLATE POINT
1036825 1273034106 6.879764 50.937796 #NO INTERPOLATE
1036825 1273034106 6.879786333333334 50.93782466666667 #INTERPOLATE POINT
1036825 1273034107 6.878618666666667 50.93783833333334 #INTERPOLATE POINT
1036825 1273034108 6.877451 50.937852 #LAST INTERPOLATE POINT
1036825 1273034109 6.876835 50.938478 #NO INTERPOLATE
1036825 1273034109 6.87686 50.938547 #NO INTERPOLATE
1036825 1273034109 6.877269 50.93826 #INTERPOLATE POINT
1036825 1273034110 6.877087 50.938668 #LAST INTERPOLATE POINT
1036825 1273034110 6.877087 50.938668 #NO INTERPOLATE
1036825 1273034111 6.8772307 50.938745 #INTERPOLATE POINT
1036825 1273034112 6.8773744 50.938821999999995 #INTERPOLATE POINT
1036825 1273034113 6.8775181 50.93889899999999 #INTERPOLATE POINT
1036825 1273034114 6.877661799999999 50.93897599999999 #INTERPOLATE POINT
1036825 1273034115 6.877805499999999 50.93905299999999 #INTERPOLATE POINT
1036825 1273034116 6.877949199999999 50.939129999999984 #INTERPOLATE POINT
1036825 1273034117 6.878092899999999 50.93920699999998 #INTERPOLATE POINT
1036825 1273034118 6.878236599999998 50.93928399999998 #INTERPOLATE POINT
1036825 1273034119 6.878380299999998 50.93936099999998 #INTERPOLATE POINT
1036825 1273034120 6.878524 50.939438 #LAST INTERPOLATE POINT
1036825 1273034120 6.878524 50.939438 #NO INTERPOLATE
1036825 1273034121 6.8779005 50.938748000000004 #INTERPOLATE POINT
1036825 1273034122 6.877277 50.938058 #LAST INTERPOLATE POINT
1036825 1273034122 6.877399 50.937898 #NO INTERPOLATE
1036825 1273034122 6.877537 50.937796 #NO INTERPOLATE
1036825 1273034122 6.877656 50.937741 #NO INTERPOLATE
1036825 1273034123 6.8784410000000005 50.937914 #INTERPOLATE POINT
1036825 1273034124 6.879605000000001 50.93777 #INTERPOLATE POINT
1036825 1273034125 6.880769 50.937626 #LAST INTERPOLATE POINT
1036825 1273034126 6.881994 50.937632 #NO INTERPOLATE
1036825 1273034126 6.881356 50.9378965 #INTERPOLATE POINT
1036825 1273034127 6.881943 50.938167 #LAST INTERPOLATE POINT
1036825 1273034127 6.882117 50.937658 #NO INTERPOLATE
1036825 1273034127 6.882155 50.937872 #NO INTERPOLATE
1036825 1273034127 6.882201 50.937696 #NO INTERPOLATE
1036825 1273034128 6.881112 50.939147 #INTERPOLATE POINT
1036825 1273034129 6.880281 50.940127 #LAST INTERPOLATE POINT
1036825 1273034130 6.880281 50.940127 #NO INTERPOLATE
1036825 1273034130 6.880217714285714 50.94020071428571 #INTERPOLATE POINT
1036825 1273034131 6.880154428571428 50.94027442857142 #INTERPOLATE POINT
1036825 1273034132 6.880091142857142 50.94034814285713 #INTERPOLATE POINT
1036825 1273034133 6.880027857142856 50.940421857142844 #INTERPOLATE POINT
1036825 1273034134 6.87996457142857 50.940495571428556 #INTERPOLATE POINT
1036825 1273034135 6.8799012857142845 50.94056928571427 #INTERPOLATE POINT
1036825 1273034136 6.879838 50.940643 #LAST INTERPOLATE POINT
1036825 1273034137 6.879754 50.9407045 #INTERPOLATE POINT
1036825 1273034138 6.87967 50.940766 #INTERPOLATE POINT
1036825 1273034139 6.879586 50.940827500000005 #INTERPOLATE POINT
1036825 1273034140 6.879502 50.940889 #LAST INTERPOLATE POINT
1036825 1273034140 6.879502 50.940889 #NO INTERPOLATE
1036825 1273034141 6.879413 50.941042 #NO INTERPOLATE
1036825 1273034141 6.879469833333333 50.94103233333333 #INTERPOLATE POINT
1036825 1273034142 6.879437666666667 50.941175666666666 #INTERPOLATE POINT
1036825 1273034143 6.879405500000001 50.941319 #INTERPOLATE POINT
1036825 1273034144 6.8793733333333345 50.941462333333334 #INTERPOLATE POINT
1036825 1273034145 6.879341166666668 50.94160566666667 #INTERPOLATE POINT
1036825 1273034146 6.879309 50.941749 #LAST INTERPOLATE POINT
1036825 1273034147 6.879375 50.94196 #NO INTERPOLATE
1036825 1273034147 6.879369666666666 50.94188366666667 #INTERPOLATE POINT
1036825 1273034148 6.879430333333333 50.94201833333334 #INTERPOLATE POINT
1036825 1273034149 6.879491 50.942153 #LAST INTERPOLATE POINT
1036825 1273034150 6.87957 50.942206 #NO INTERPOLATE
1036825 1273034150 6.87957 50.942206 #NO INTERPOLATE
1036825 1273034150 6.879634666666666 50.942235 #INTERPOLATE POINT
1036825 1273034151 6.879778333333332 50.942316999999996 #INTERPOLATE POINT
1036825 1273034152 6.879922 50.942399 #LAST INTERPOLATE POINT
1036825 1273034153 6.8801415 50.942475 #INTERPOLATE POINT
1036825 1273034154 6.880361 50.942551 #LAST INTERPOLATE POINT
1036825 1273034155 6.8805695 50.942615 #INTERPOLATE POINT
1036825 1273034156 6.880778 50.942679 #LAST INTERPOLATE POINT
1036825 1273034157 6.88092975 50.942713499999996 #INTERPOLATE POINT
1036825 1273034158 6.8810815 50.942747999999995 #INTERPOLATE POINT
1036825 1273034159 6.881233249999999 50.94278249999999 #INTERPOLATE POINT
1036825 1273034160 6.881385 50.942817 #LAST INTERPOLATE POINT
1036825 1273034160 6.881385 50.942817 #NO INTERPOLATE
1036825 1273034161 6.881587 50.942861 #INTERPOLATE POINT
1036825 1273034162 6.8817889999999995 50.942905 #INTERPOLATE POINT
1036825 1273034163 6.881991 50.942949 #LAST INTERPOLATE POINT
1036825 1273034164 6.882107 50.94303466666667 #INTERPOLATE POINT
1036825 1273034165 6.882223000000001 50.94312033333334 #INTERPOLATE POINT
1036825 1273034166 6.882339 50.943206 #LAST INTERPOLATE POINT
1036825 1273034167 6.882512 50.943253 #NO INTERPOLATE
1036825 1273034167 6.882467999999999 50.943299 #INTERPOLATE POINT
1036825 1273034168 6.882597 50.943392 #LAST INTERPOLATE POINT
1036825 1273034169 6.882817 50.943594 #NO INTERPOLATE
1036825 1273034169 6.882707 50.943493000000004 #INTERPOLATE POINT
1036825 1273034170 6.882817 50.943594 #LAST INTERPOLATE POINT
1036825 1273034171 6.8829242 50.9436944 #INTERPOLATE POINT
1036825 1273034172 6.8830314 50.9437948 #INTERPOLATE POINT
1036825 1273034173 6.8831386000000006 50.9438952 #INTERPOLATE POINT
1036825 1273034174 6.883245800000001 50.9439956 #INTERPOLATE POINT
1036825 1273034175 6.883353000000001 50.944096 #INTERPOLATE POINT
1036825 1273034176 6.883460200000002 50.9441964 #INTERPOLATE POINT
1036825 1273034177 6.883567400000002 50.944296800000004 #INTERPOLATE POINT
1036825 1273034178 6.883674600000003 50.944397200000004 #INTERPOLATE POINT
1036825 1273034179 6.883781800000003 50.944497600000005 #INTERPOLATE POINT
1036825 1273034180 6.883889 50.944598 #LAST INTERPOLATE POINT
1036825 1273034180 6.883889 50.944598 #NO INTERPOLATE
1036825 1273034181 6.88401375 50.944731 #INTERPOLATE POINT
1036825 1273034182 6.884138500000001 50.944863999999995 #INTERPOLATE POINT
1036825 1273034183 6.884263250000001 50.944996999999994 #INTERPOLATE POINT
1036825 1273034184 6.884388 50.94513 #LAST INTERPOLATE POINT
1036825 1273034185 6.8844606666666674 50.945231166666666 #INTERPOLATE POINT
1036825 1273034186 6.884533333333334 50.94533233333333 #INTERPOLATE POINT
1036825 1273034187 6.884606 50.9454335 #INTERPOLATE POINT
1036825 1273034188 6.884678666666666 50.94553466666667 #INTERPOLATE POINT
1036825 1273034189 6.884751333333332 50.945635833333334 #INTERPOLATE POINT
1036825 1273034190 6.884824 50.945737 #LAST INTERPOLATE POINT
1036825 1273034190 6.884824 50.945737 #NO INTERPOLATE
1036825 1273034191 6.8849018 50.9458466 #INTERPOLATE POINT
1036825 1273034192 6.884979599999999 50.945956200000005 #INTERPOLATE POINT
1036825 1273034193 6.885057399999999 50.94606580000001 #INTERPOLATE POINT
1036825 1273034194 6.885135199999999 50.94617540000001 #INTERPOLATE POINT
1036825 1273034195 6.8852129999999985 50.94628500000001 #INTERPOLATE POINT
1036825 1273034196 6.885290799999998 50.94639460000001 #INTERPOLATE POINT
1036825 1273034197 6.885368599999998 50.946504200000014 #INTERPOLATE POINT
1036825 1273034198 6.8854463999999975 50.946613800000016 #INTERPOLATE POINT
1036825 1273034199 6.885524199999997 50.94672340000002 #INTERPOLATE POINT
1036825 1273034200 6.885602 50.946833 #LAST INTERPOLATE POINT
1036825 1273034200 6.885602 50.946833 #NO INTERPOLATE
1036825 1273034201 6.885662166666666 50.946920166666665 #INTERPOLATE POINT
1036825 1273034202 6.885722333333333 50.94700733333333 #INTERPOLATE POINT
1036825 1273034203 6.8857824999999995 50.9470945 #INTERPOLATE POINT
1036825 1273034204 6.885842666666666 50.947181666666665 #INTERPOLATE POINT
1036825 1273034205 6.885902833333333 50.94726883333333 #INTERPOLATE POINT
1036825 1273034206 6.885963 50.947356 #LAST INTERPOLATE POINT
1036825 1273034207 6.886049 50.9473455 #INTERPOLATE POINT
1036825 1273034208 6.8861349999999995 50.947334999999995 #INTERPOLATE POINT
1036825 1273034209 6.886220999999999 50.94732449999999 #INTERPOLATE POINT
1036825 1273034210 6.886307 50.947314 #LAST INTERPOLATE POINT
1036825 1273034210 6.886307 50.947314 #NO INTERPOLATE
1036825 1273034211 6.886551300000001 50.947283399999996 #INTERPOLATE POINT
1036825 1273034212 6.886795600000001 50.947252799999994 #INTERPOLATE POINT
1036825 1273034213 6.887039900000001 50.94722219999999 #INTERPOLATE POINT
1036825 1273034214 6.887284200000002 50.94719159999999 #INTERPOLATE POINT
1036825 1273034215 6.887528500000002 50.94716099999999 #INTERPOLATE POINT
1036825 1273034216 6.887772800000002 50.947130399999985 #INTERPOLATE POINT
1036825 1273034217 6.888017100000003 50.94709979999998 #INTERPOLATE POINT
1036825 1273034218 6.888261400000003 50.94706919999998 #INTERPOLATE POINT
1036825 1273034219 6.888505700000003 50.94703859999998 #INTERPOLATE POINT
1036825 1273034220 6.88875 50.947008 #LAST INTERPOLATE POINT
1036825 1273034220 6.88875 50.947008 #NO INTERPOLATE
1036825 1273034221 6.8890692 50.9469699 #INTERPOLATE POINT
1036825 1273034222 6.8893884 50.9469318 #INTERPOLATE POINT
1036825 1273034223 6.8897075999999995 50.946893700000004 #INTERPOLATE POINT
1036825 1273034224 6.890026799999999 50.946855600000006 #INTERPOLATE POINT
1036825 1273034225 6.890345999999999 50.94681750000001 #INTERPOLATE POINT
1036825 1273034226 6.890665199999999 50.94677940000001 #INTERPOLATE POINT
1036825 1273034227 6.890984399999999 50.94674130000001 #INTERPOLATE POINT
1036825 1273034228 6.891303599999999 50.946703200000016 #INTERPOLATE POINT
1036825 1273034229 6.891622799999999 50.94666510000002 #INTERPOLATE POINT
1036825 1273034230 6.891942 50.946627 #LAST INTERPOLATE POINT
1036825 1273034230 6.891942 50.946627 #NO INTERPOLATE
1036825 1273034231 6.892246500000001 50.9465943 #INTERPOLATE POINT
1036825 1273034232 6.892551000000001 50.9465616 #INTERPOLATE POINT
1036825 1273034233 6.892855500000001 50.946528900000004 #INTERPOLATE POINT
1036825 1273034234 6.893160000000002 50.946496200000006 #INTERPOLATE POINT
1036825 1273034235 6.893464500000002 50.94646350000001 #INTERPOLATE POINT
1036825 1273034236 6.8937690000000025 50.94643080000001 #INTERPOLATE POINT
1036825 1273034237 6.894073500000003 50.94639810000001 #INTERPOLATE POINT
1036825 1273034238 6.894378000000003 50.94636540000001 #INTERPOLATE POINT
1036825 1273034239 6.894682500000004 50.94633270000001 #INTERPOLATE POINT
1036825 1273034240 6.894987 50.9463 #LAST INTERPOLATE POINT
1036825 1273034240 6.894987 50.9463 #NO INTERPOLATE
1036825 1273034241 6.8953214 50.9462692 #INTERPOLATE POINT
1036825 1273034242 6.8956558 50.946238400000006 #INTERPOLATE POINT
1036825 1273034243 6.8959902 50.94620760000001 #INTERPOLATE POINT
1036825 1273034244 6.8963246 50.94617680000001 #INTERPOLATE POINT
1036825 1273034245 6.896659 50.94614600000001 #INTERPOLATE POINT
1036825 1273034246 6.8969933999999995 50.946115200000015 #INTERPOLATE POINT
1036825 1273034247 6.897327799999999 50.94608440000002 #INTERPOLATE POINT
1036825 1273034248 6.897662199999999 50.94605360000002 #INTERPOLATE POINT
1036825 1273034249 6.897996599999999 50.94602280000002 #INTERPOLATE POINT
1036825 1273034250 6.898331 50.945992 #LAST INTERPOLATE POINT
1036825 1273034250 6.898331 50.945992 #NO INTERPOLATE
1036825 1273034251 6.8986415 50.9459734 #INTERPOLATE POINT
1036825 1273034252 6.898952 50.9459548 #INTERPOLATE POINT
1036825 1273034253 6.899262500000001 50.945936200000006 #INTERPOLATE POINT
1036825 1273034254 6.899573000000001 50.94591760000001 #INTERPOLATE POINT
1036825 1273034255 6.899883500000001 50.94589900000001 #INTERPOLATE POINT
1036825 1273034256 6.900194000000002 50.945880400000014 #INTERPOLATE POINT
1036825 1273034257 6.900504500000002 50.94586180000002 #INTERPOLATE POINT
1036825 1273034258 6.900815000000002 50.94584320000002 #INTERPOLATE POINT
1036825 1273034259 6.901125500000003 50.94582460000002 #INTERPOLATE POINT
1036825 1273034260 6.901436 50.945806 #LAST INTERPOLATE POINT
1036825 1273034260 6.901436 50.945806 #NO INTERPOLATE
1036825 1273034261 6.901745200000001 50.9457865 #INTERPOLATE POINT
1036825 1273034262 6.902054400000001 50.945767 #INTERPOLATE POINT
1036825 1273034263 6.902363600000001 50.945747499999996 #INTERPOLATE POINT
1036825 1273034264 6.902672800000001 50.945727999999995 #INTERPOLATE POINT
1036825 1273034265 6.9029820000000015 50.945708499999995 #INTERPOLATE POINT
1036825 1273034266 6.903291200000002 50.945688999999994 #INTERPOLATE POINT
1036825 1273034267 6.903600400000002 50.945669499999994 #INTERPOLATE POINT
1036825 1273034268 6.903909600000002 50.94564999999999 #INTERPOLATE POINT
1036825 1273034269 6.904218800000002 50.94563049999999 #INTERPOLATE POINT
1036825 1273034270 6.904528 50.945611 #LAST INTERPOLATE POINT
1036825 1273034270 6.904528 50.945611 #NO INTERPOLATE
1036825 1273034271 6.904826 50.94558933333333 #INTERPOLATE POINT
1036825 1273034272 6.905124 50.94556766666666 #INTERPOLATE POINT
1036825 1273034273 6.905422 50.945546 #LAST INTERPOLATE POINT
1036825 1273034274 6.9057075999999995 50.945509 #INTERPOLATE POINT
1036825 1273034275 6.905993199999999 50.945472 #INTERPOLATE POINT
1036825 1273034276 6.906278799999999 50.945435 #INTERPOLATE POINT
1036825 1273034277 6.906564399999999 50.945398000000004 #INTERPOLATE POINT
1036825 1273034278 6.90685 50.945361 #LAST INTERPOLATE POINT
1036825 1273034278 6.907043 50.945333 #NO INTERPOLATE
1036825 1273034279 6.9071015 50.945295 #INTERPOLATE POINT
1036825 1273034280 6.907353 50.945229 #LAST INTERPOLATE POINT
1036825 1273034280 6.907353 50.945229 #NO INTERPOLATE
1036825 1273034281 6.907482 50.945203 #INTERPOLATE POINT
1036825 1273034282 6.907611 50.945177 #LAST INTERPOLATE POINT
1036825 1273034283 6.907680333333333 50.94512666666667 #INTERPOLATE POINT
1036825 1273034284 6.907749666666667 50.94507633333333 #INTERPOLATE POINT
1036825 1273034285 6.907819 50.945026 #LAST INTERPOLATE POINT
1036825 1273034286 6.9078104 50.945111 #INTERPOLATE POINT
1036825 1273034287 6.9078018 50.945195999999996 #INTERPOLATE POINT
1036825 1273034288 6.9077931999999995 50.945280999999994 #INTERPOLATE POINT
1036825 1273034289 6.907784599999999 50.94536599999999 #INTERPOLATE POINT
1036825 1273034290 6.907776 50.945451 #LAST INTERPOLATE POINT
1036825 1273034290 6.907776 50.945451 #NO INTERPOLATE
1036825 1273034291 6.907789142857143 50.945602428571426 #INTERPOLATE POINT
1036825 1273034292 6.907802285714286 50.945753857142854 #INTERPOLATE POINT
1036825 1273034293 6.907815428571429 50.94590528571428 #INTERPOLATE POINT
1036825 1273034294 6.907828571428572 50.94605671428571 #INTERPOLATE POINT
1036825 1273034295 6.907841714285715 50.94620814285714 #INTERPOLATE POINT
1036825 1273034296 6.907854857142858 50.946359571428566 #INTERPOLATE POINT
1036825 1273034297 6.907868 50.946511 #LAST INTERPOLATE POINT
1036825 1273034298 6.9078599999999994 50.946661 #INTERPOLATE POINT
1036825 1273034299 6.907851999999999 50.946811 #INTERPOLATE POINT
1036825 1273034300 6.907844 50.946961 #LAST INTERPOLATE POINT
1036825 1273034300 6.907844 50.946961 #NO INTERPOLATE
1036825 1273034301 6.907813 50.947173500000005 #INTERPOLATE POINT
1036825 1273034302 6.907782 50.947386 #LAST INTERPOLATE POINT
1036825 1273034303 6.90773425 50.947579000000005 #INTERPOLATE POINT
1036825 1273034304 6.9076865 50.947772 #INTERPOLATE POINT
1036825 1273034305 6.907638749999999 50.947964999999996 #INTERPOLATE POINT
1036825 1273034306 6.907590999999999 50.94815799999999 #INTERPOLATE POINT
1036825 1273034307 6.907543249999999 50.94835099999999 #INTERPOLATE POINT
1036825 1273034308 6.907495499999999 50.948543999999984 #INTERPOLATE POINT
1036825 1273034309 6.907447749999998 50.94873699999998 #INTERPOLATE POINT
1036825 1273034310 6.9074 50.94893 #LAST INTERPOLATE POINT
1036825 1273034310 6.9074 50.94893 #NO INTERPOLATE
1036825 1273034311 6.907343 50.949275 #NO INTERPOLATE
1036825 1273034311 6.907381 50.949244 #INTERPOLATE POINT
1036825 1273034312 6.907362 50.949558 #LAST INTERPOLATE POINT
1036825 1273034313 6.907454666666666 50.94978366666667 #INTERPOLATE POINT
1036825 1273034314 6.907547333333333 50.950009333333334 #INTERPOLATE POINT
1036825 1273034315 6.90764 50.950235 #LAST INTERPOLATE POINT
1036825 1273034316 6.9078684 50.950258 #INTERPOLATE POINT
1036825 1273034317 6.9080968 50.950281 #INTERPOLATE POINT
1036825 1273034318 6.9083252 50.950303999999996 #INTERPOLATE POINT
1036825 1273034319 6.9085536 50.950326999999994 #INTERPOLATE POINT
1036825 1273034320 6.908782 50.95035 #LAST INTERPOLATE POINT
1036825 1273034320 6.908782 50.95035 #NO INTERPOLATE
1036825 1273034321 6.909134 50.95038575 #INTERPOLATE POINT
1036825 1273034322 6.909485999999999 50.950421500000004 #INTERPOLATE POINT
1036825 1273034323 6.909837999999999 50.95045725000001 #INTERPOLATE POINT
1036825 1273034324 6.91019 50.950493 #LAST INTERPOLATE POINT
1036825 1273034325 6.910449 50.9504224 #INTERPOLATE POINT
1036825 1273034326 6.910708 50.9503518 #INTERPOLATE POINT
1036825 1273034327 6.910966999999999 50.9502812 #INTERPOLATE POINT
1036825 1273034328 6.911225999999999 50.9502106 #INTERPOLATE POINT
1036825 1273034329 6.911485 50.95014 #LAST INTERPOLATE POINT
1036825 1273034330 6.911751 50.950024 #NO INTERPOLATE
1036825 1273034330 6.911751 50.950024 #NO INTERPOLATE
1036825 1273034330 6.911613 50.95008375 #INTERPOLATE POINT
1036825 1273034331 6.911741 50.9500275 #INTERPOLATE POINT
1036825 1273034332 6.911869 50.94997125 #INTERPOLATE POINT
1036825 1273034333 6.911997 50.949915 #INTERPOLATE POINT
1036825 1273034334 6.9121250000000005 50.94985875 #INTERPOLATE POINT
1036825 1273034335 6.912253000000001 50.9498025 #INTERPOLATE POINT
1036825 1273034336 6.912381000000001 50.94974625 #INTERPOLATE POINT
1036825 1273034337 6.912509 50.94969 #LAST INTERPOLATE POINT
1036825 1273034338 6.912561333333334 50.949742666666666 #INTERPOLATE POINT
1036825 1273034339 6.912613666666667 50.949795333333334 #INTERPOLATE POINT
1036825 1273034340 6.912666 50.949848 #LAST INTERPOLATE POINT
1036825 1273034340 6.912666 50.949848 #NO INTERPOLATE
1036825 1273034341 6.9127256 50.9499051 #INTERPOLATE POINT
1036825 1273034342 6.9127852 50.9499622 #INTERPOLATE POINT
1036825 1273034343 6.9128448 50.9500193 #INTERPOLATE POINT
1036825 1273034344 6.9129044 50.9500764 #INTERPOLATE POINT
1036825 1273034345 6.9129640000000006 50.9501335 #INTERPOLATE POINT
1036825 1273034346 6.913023600000001 50.9501906 #INTERPOLATE POINT
1036825 1273034347 6.913083200000001 50.9502477 #INTERPOLATE POINT
1036825 1273034348 6.913142800000001 50.9503048 #INTERPOLATE POINT
1036825 1273034349 6.913202400000001 50.9503619 #INTERPOLATE POINT
1036825 1273034350 6.913262 50.950419 #LAST INTERPOLATE POINT
1036825 1273034350 6.913262 50.950419 #NO INTERPOLATE
1036825 1273034351 6.913335666666667 50.95048833333333 #INTERPOLATE POINT
1036825 1273034352 6.913409333333334 50.95055766666667 #INTERPOLATE POINT
1036825 1273034353 6.913483000000001 50.950627000000004 #INTERPOLATE POINT
1036825 1273034354 6.913556666666668 50.95069633333334 #INTERPOLATE POINT
1036825 1273034355 6.9136303333333355 50.950765666666676 #INTERPOLATE POINT
1036825 1273034356 6.913704 50.950835 #LAST INTERPOLATE POINT
1036825 1273034357 6.913806666666667 50.950884333333335 #INTERPOLATE POINT
1036825 1273034358 6.913909333333334 50.95093366666667 #INTERPOLATE POINT
1036825 1273034359 6.914012 50.950983 #LAST INTERPOLATE POINT
1036825 1273034360 6.914012 50.950983 #NO INTERPOLATE
1036825 1273034360 6.914044 50.950957 #NO INTERPOLATE
1036825 1273034360 6.914044 50.950957 #NO INTERPOLATE
1036825 1273034360 6.914092 50.951000666666665 #INTERPOLATE POINT
1036825 1273034361 6.914172000000001 50.95101833333333 #INTERPOLATE POINT
1036825 1273034362 6.914252 50.951036 #LAST INTERPOLATE POINT
1036825 1273034363 6.9143495 50.951048 #INTERPOLATE POINT
1036825 1273034364 6.914447 50.95106 #INTERPOLATE POINT
1036825 1273034365 6.9145445 50.951071999999996 #INTERPOLATE POINT
1036825 1273034366 6.914642 50.951083999999994 #INTERPOLATE POINT
1036825 1273034367 6.9147395 50.95109599999999 #INTERPOLATE POINT
1036825 1273034368 6.9148369999999995 50.95110799999999 #INTERPOLATE POINT
1036825 1273034369 6.914934499999999 50.95111999999999 #INTERPOLATE POINT
1036825 1273034370 6.915032 50.951132 #LAST INTERPOLATE POINT
1036825 1273034370 6.915032 50.951132 #NO INTERPOLATE
1036825 1273034371 6.915215 50.951165 #NO INTERPOLATE
1036825 1273034371 6.9151265 50.951088 #INTERPOLATE POINT
1036825 1273034372 6.915221000000001 50.951043999999996 #INTERPOLATE POINT
1036825 1273034373 6.915315500000001 50.95099999999999 #INTERPOLATE POINT
1036825 1273034374 6.915410000000001 50.95095599999999 #INTERPOLATE POINT
1036825 1273034375 6.915504500000002 50.95091199999999 #INTERPOLATE POINT
1036825 1273034376 6.915599000000002 50.950867999999986 #INTERPOLATE POINT
1036825 1273034377 6.915693500000002 50.95082399999998 #INTERPOLATE POINT
1036825 1273034378 6.915788000000003 50.95077999999998 #INTERPOLATE POINT
1036825 1273034379 6.915882500000003 50.95073599999998 #INTERPOLATE POINT
1036825 1273034380 6.915977 50.950692 #LAST INTERPOLATE POINT
1036825 1273034380 6.915977 50.950692 #NO INTERPOLATE
1036825 1273034381 6.916128333333333 50.95060133333333 #INTERPOLATE POINT
1036825 1273034382 6.916279666666666 50.950510666666666 #INTERPOLATE POINT
1036825 1273034383 6.916431 50.95042 #LAST INTERPOLATE POINT
1036825 1273034384 6.916528714285715 50.950346 #INTERPOLATE POINT
1036825 1273034385 6.916626428571429 50.950272000000005 #INTERPOLATE POINT
1036825 1273034386 6.916724142857143 50.95019800000001 #INTERPOLATE POINT
1036825 1273034387 6.916821857142858 50.95012400000001 #INTERPOLATE POINT
1036825 1273034388 6.916919571428572 50.95005000000001 #INTERPOLATE POINT
1036825 1273034389 6.917017285714286 50.949976000000014 #INTERPOLATE POINT
1036825 1273034390 6.917115 50.949902 #LAST INTERPOLATE POINT
1036825 1273034390 6.917115 50.949902 #NO INTERPOLATE
1036825 1273034391 6.9171927 50.9498552 #INTERPOLATE POINT
1036825 1273034392 6.9172704000000005 50.9498084 #INTERPOLATE POINT
1036825 1273034393 6.917348100000001 50.9497616 #INTERPOLATE POINT
1036825 1273034394 6.917425800000001 50.9497148 #INTERPOLATE POINT
1036825 1273034395 6.917503500000001 50.949668 #INTERPOLATE POINT
1036825 1273034396 6.917581200000002 50.9496212 #INTERPOLATE POINT
1036825 1273034397 6.917658900000002 50.9495744 #INTERPOLATE POINT
1036825 1273034398 6.917736600000002 50.9495276 #INTERPOLATE POINT
1036825 1273034399 6.9178143000000025 50.9494808 #INTERPOLATE POINT
1036825 1273034400 6.917892 50.949434 #LAST INTERPOLATE POINT
1036825 1273034400 6.917892 50.949434 #NO INTERPOLATE
1036825 1273034401 6.9179806 50.9493814 #INTERPOLATE POINT
1036825 1273034402 6.9180692 50.9493288 #INTERPOLATE POINT
1036825 1273034403 6.9181577999999995 50.94927620000001 #INTERPOLATE POINT
1036825 1273034404 6.918246399999999 50.94922360000001 #INTERPOLATE POINT
1036825 1273034405 6.918335 50.949171 #LAST INTERPOLATE POINT
1036825 1273034406 6.9184116 50.9491352 #INTERPOLATE POINT
1036825 1273034407 6.9184882 50.9490994 #INTERPOLATE POINT
1036825 1273034408 6.9185647999999995 50.9490636 #INTERPOLATE POINT
1036825 1273034409 6.918641399999999 50.9490278 #INTERPOLATE POINT
1036825 1273034410 6.918718 50.948992 #LAST INTERPOLATE POINT
1036825 1273034410 6.918718 50.948992 #NO INTERPOLATE
1036825 1273034411 6.918817600000001 50.9489477 #INTERPOLATE POINT
1036825 1273034412 6.918917200000001 50.9489034 #INTERPOLATE POINT
1036825 1273034413 6.919016800000001 50.9488591 #INTERPOLATE POINT
1036825 1273034414 6.919116400000002 50.9488148 #INTERPOLATE POINT
1036825 1273034415 6.919216000000002 50.9487705 #INTERPOLATE POINT
1036825 1273034416 6.919315600000003 50.9487262 #INTERPOLATE POINT
1036825 1273034417 6.919415200000003 50.948681900000004 #INTERPOLATE POINT
1036825 1273034418 6.9195148000000035 50.948637600000005 #INTERPOLATE POINT
1036825 1273034419 6.919614400000004 50.948593300000006 #INTERPOLATE POINT
1036825 1273034420 6.919714 50.948549 #LAST INTERPOLATE POINT
1036825 1273034420 6.919714 50.948549 #NO INTERPOLATE
1036825 1273034421 6.919847 50.948493666666664 #INTERPOLATE POINT
1036825 1273034422 6.91998 50.94843833333333 #INTERPOLATE POINT
1036825 1273034423 6.920113 50.948383 #LAST INTERPOLATE POINT
1036825 1273034424 6.9202285 50.948350500000004 #INTERPOLATE POINT
1036825 1273034425 6.920344 50.948318 #INTERPOLATE POINT
1036825 1273034426 6.9204595 50.9482855 #INTERPOLATE POINT
1036825 1273034427 6.920575 50.948253 #LAST INTERPOLATE POINT
1036825 1273034428 6.920680000000001 50.948202 #INTERPOLATE POINT
1036825 1273034429 6.920785 50.948151 #LAST INTERPOLATE POINT
1036825 1273034430 6.920785 50.948151 #NO INTERPOLATE
1036825 1273034430 6.920874545454546 50.94811045454546 #INTERPOLATE POINT
1036825 1273034431 6.9209640909090915 50.94806990909091 #INTERPOLATE POINT
1036825 1273034432 6.921053636363637 50.948029363636365 #INTERPOLATE POINT
1036825 1273034433 6.9211431818181826 50.94798881818182 #INTERPOLATE POINT
1036825 1273034434 6.921232727272728 50.947948272727274 #INTERPOLATE POINT
1036825 1273034435 6.921322272727274 50.94790772727273 #INTERPOLATE POINT
1036825 1273034436 6.921411818181819 50.94786718181818 #INTERPOLATE POINT
1036825 1273034437 6.921501363636365 50.94782663636364 #INTERPOLATE POINT
1036825 1273034438 6.92159090909091 50.94778609090909 #INTERPOLATE POINT
1036825 1273034439 6.921680454545456 50.947745545454545 #INTERPOLATE POINT
1036825 1273034440 6.92177 50.947705 #LAST INTERPOLATE POINT
1036825 1273034440 6.92177 50.947705 #NO INTERPOLATE
1036825 1273034441 6.9218614 50.9476661 #INTERPOLATE POINT
1036825 1273034442 6.9219528 50.9476272 #INTERPOLATE POINT
1036825 1273034443 6.922044199999999 50.9475883 #INTERPOLATE POINT
1036825 1273034444 6.922135599999999 50.9475494 #INTERPOLATE POINT
1036825 1273034445 6.922226999999999 50.9475105 #INTERPOLATE POINT
1036825 1273034446 6.922318399999998 50.9474716 #INTERPOLATE POINT
1036825 1273034447 6.922409799999998 50.9474327 #INTERPOLATE POINT
1036825 1273034448 6.9225011999999975 50.9473938 #INTERPOLATE POINT
1036825 1273034449 6.922592599999997 50.9473549 #INTERPOLATE POINT
1036825 1273034450 6.922684 50.947316 #LAST INTERPOLATE POINT
1036825 1273034450 6.922684 50.947316 #NO INTERPOLATE
1036825 1273034451 6.922784500000001 50.947275 #INTERPOLATE POINT
1036825 1273034452 6.922885000000001 50.947233999999995 #INTERPOLATE POINT
1036825 1273034453 6.922985500000001 50.94719299999999 #INTERPOLATE POINT
1036825 1273034454 6.923086000000001 50.94715199999999 #INTERPOLATE POINT
1036825 1273034455 6.923186500000002 50.947110999999985 #INTERPOLATE POINT
1036825 1273034456 6.923287000000002 50.94706999999998 #INTERPOLATE POINT
1036825 1273034457 6.923387500000002 50.94702899999998 #INTERPOLATE POINT
1036825 1273034458 6.9234880000000025 50.946987999999976 #INTERPOLATE POINT
1036825 1273034459 6.923588500000003 50.94694699999997 #INTERPOLATE POINT
1036825 1273034460 6.923689 50.946906 #LAST INTERPOLATE POINT
1036825 1273034460 6.923689 50.946906 #NO INTERPOLATE
1036825 1273034461 6.9237755000000005 50.9468704 #INTERPOLATE POINT
1036825 1273034462 6.923862000000001 50.946834800000005 #INTERPOLATE POINT
1036825 1273034463 6.923948500000001 50.94679920000001 #INTERPOLATE POINT
1036825 1273034464 6.924035000000001 50.94676360000001 #INTERPOLATE POINT
1036825 1273034465 6.924121500000001 50.946728000000014 #INTERPOLATE POINT
1036825 1273034466 6.924208000000001 50.94669240000002 #INTERPOLATE POINT
1036825 1273034467 6.924294500000001 50.94665680000002 #INTERPOLATE POINT
1036825 1273034468 6.924381000000001 50.946621200000024 #INTERPOLATE POINT
1036825 1273034469 6.924467500000001 50.94658560000003 #INTERPOLATE POINT
1036825 1273034470 6.924554 50.94655 #LAST INTERPOLATE POINT
1036825 1273034470 6.924554 50.94655 #NO INTERPOLATE
1036825 1273034471 6.9246452 50.9465102 #INTERPOLATE POINT
1036825 1273034472 6.9247364 50.946470399999995 #INTERPOLATE POINT
1036825 1273034473 6.9248275999999995 50.94643059999999 #INTERPOLATE POINT
1036825 1273034474 6.9249187999999995 50.94639079999999 #INTERPOLATE POINT
1036825 1273034475 6.925009999999999 50.946350999999986 #INTERPOLATE POINT
1036825 1273034476 6.925101199999999 50.94631119999998 #INTERPOLATE POINT
1036825 1273034477 6.925192399999999 50.94627139999998 #INTERPOLATE POINT
1036825 1273034478 6.925283599999999 50.946231599999976 #INTERPOLATE POINT
1036825 1273034479 6.925374799999999 50.94619179999997 #INTERPOLATE POINT
1036825 1273034480 6.925466 50.946152 #LAST INTERPOLATE POINT
1036825 1273034480 6.925466 50.946152 #NO INTERPOLATE
1036825 1273034481 6.925564333333333 50.946101999999996 #INTERPOLATE POINT
1036825 1273034482 6.925662666666666 50.946051999999995 #INTERPOLATE POINT
1036825 1273034483 6.925761 50.946002 #LAST INTERPOLATE POINT
1036825 1273034484 6.925862749999999 50.9459765 #INTERPOLATE POINT
1036825 1273034485 6.925964499999999 50.945951 #INTERPOLATE POINT
1036825 1273034486 6.926066249999999 50.9459255 #INTERPOLATE POINT
1036825 1273034487 6.926168 50.9459 #LAST INTERPOLATE POINT
1036825 1273034488 6.926235999999999 50.94587 #INTERPOLATE POINT
1036825 1273034489 6.926303999999999 50.94584 #INTERPOLATE POINT
1036825 1273034490 6.926372 50.94581 #LAST INTERPOLATE POINT
1036825 1273034490 6.926372 50.94581 #NO INTERPOLATE
1036825 1273034491 6.9264756 50.9457582 #INTERPOLATE POINT
1036825 1273034492 6.9265792 50.9457064 #INTERPOLATE POINT
1036825 1273034493 6.9266828 50.9456546 #INTERPOLATE POINT
1036825 1273034494 6.9267864 50.945602799999996 #INTERPOLATE POINT
1036825 1273034495 6.92689 50.945551 #LAST INTERPOLATE POINT
1036825 1273034496 6.9269632 50.945524400000004 #INTERPOLATE POINT
1036825 1273034497 6.9270364 50.945497800000005 #INTERPOLATE POINT
1036825 1273034498 6.9271096000000005 50.94547120000001 #INTERPOLATE POINT
1036825 1273034499 6.927182800000001 50.94544460000001 #INTERPOLATE POINT
1036825 1273034500 6.927256 50.945418 #LAST INTERPOLATE POINT
1036825 1273034500 6.927256 50.945418 #NO INTERPOLATE
1036825 1273034501 6.9272875 50.9454072 #INTERPOLATE POINT
1036825 1273034502 6.927319000000001 50.9453964 #INTERPOLATE POINT
1036825 1273034503 6.927350500000001 50.9453856 #INTERPOLATE POINT
1036825 1273034504 6.9273820000000015 50.9453748 #INTERPOLATE POINT
1036825 1273034505 6.927413500000002 50.945364000000005 #INTERPOLATE POINT
1036825 1273034506 6.927445000000002 50.94535320000001 #INTERPOLATE POINT
1036825 1273034507 6.927476500000003 50.94534240000001 #INTERPOLATE POINT
1036825 1273034508 6.927508000000003 50.94533160000001 #INTERPOLATE POINT
1036825 1273034509 6.9275395000000035 50.94532080000001 #INTERPOLATE POINT
1036825 1273034510 6.927571 50.94531 #LAST INTERPOLATE POINT
1036825 1273034510 6.927571 50.94531 #NO INTERPOLATE
1036825 1273034510 6.927571 50.94531 #NO INTERPOLATE
1036825 1273034511 6.927571 50.94531 #INTERPOLATE POINT
1036825 1273034512 6.927571 50.94531 #INTERPOLATE POINT
1036825 1273034513 6.927571 50.94531 #INTERPOLATE POINT
1036825 1273034514 6.927571 50.94531 #INTERPOLATE POINT
1036825 1273034515 6.927571 50.94531 #INTERPOLATE POINT
1036825 1273034516 6.927571 50.94531 #INTERPOLATE POINT
1036825 1273034517 6.927571 50.94531 #INTERPOLATE POINT
1036825 1273034518 6.927571 50.94531 #INTERPOLATE POINT
1036825 1273034519 6.927571 50.94531 #INTERPOLATE POINT
1036825 1273034520 6.927571 50.94531 #LAST INTERPOLATE POINT
1036825 1273034520 6.927571 50.94531 #NO INTERPOLATE
1036825 1273034521 6.927571 50.94531 #INTERPOLATE POINT
1036825 1273034522 6.927571 50.94531 #INTERPOLATE POINT
1036825 1273034523 6.927571 50.94531 #INTERPOLATE POINT
1036825 1273034524 6.927571 50.94531 #INTERPOLATE POINT
1036825 1273034525 6.927571 50.94531 #INTERPOLATE POINT
1036825 1273034526 6.927571 50.94531 #INTERPOLATE POINT
1036825 1273034527 6.927571 50.94531 #INTERPOLATE POINT
1036825 1273034528 6.927571 50.94531 #INTERPOLATE POINT
1036825 1273034529 6.927571 50.94531 #INTERPOLATE POINT
1036825 1273034530 6.927571 50.94531 #LAST INTERPOLATE POINT
1036825 1273034530 6.927571 50.94531 #NO INTERPOLATE
1036825 1273034531 6.927571 50.94531 #INTERPOLATE POINT
1036825 1273034532 6.927571 50.94531 #INTERPOLATE POINT
1036825 1273034533 6.927571 50.94531 #INTERPOLATE POINT
1036825 1273034534 6.927571 50.94531 #INTERPOLATE POINT
1036825 1273034535 6.927571 50.94531 #INTERPOLATE POINT
1036825 1273034536 6.927571 50.94531 #INTERPOLATE POINT
1036825 1273034537 6.927571 50.94531 #INTERPOLATE POINT
1036825 1273034538 6.927571 50.94531 #INTERPOLATE POINT
1036825 1273034539 6.927571 50.94531 #INTERPOLATE POINT
1036825 1273034540 6.927571 50.94531 #LAST INTERPOLATE POINT
1036825 1273034540 6.927571 50.94531 #NO INTERPOLATE
1036825 1273034541 6.927571 50.94531 #INTERPOLATE POINT
1036825 1273034542 6.927571 50.94531 #INTERPOLATE POINT
1036825 1273034543 6.927571 50.94531 #INTERPOLATE POINT
1036825 1273034544 6.927571 50.94531 #INTERPOLATE POINT
1036825 1273034545 6.927571 50.94531 #INTERPOLATE POINT
1036825 1273034546 6.927571 50.94531 #INTERPOLATE POINT
1036825 1273034547 6.927571 50.94531 #INTERPOLATE POINT
1036825 1273034548 6.927571 50.94531 #INTERPOLATE POINT
1036825 1273034549 6.927571 50.94531 #INTERPOLATE POINT
1036825 1273034550 6.927571 50.94531 #LAST INTERPOLATE POINT
1036825 1273034551 6.9275915 50.945302999999996 #INTERPOLATE POINT
1036825 1273034552 6.927612 50.945296 #INTERPOLATE POINT
1036825 1273034553 6.9276325 50.945289 #INTERPOLATE POINT
1036825 1273034554 6.927652999999999 50.945282000000006 #INTERPOLATE POINT
1036825 1273034555 6.927673499999999 50.94527500000001 #INTERPOLATE POINT
1036825 1273034556 6.927693999999999 50.94526800000001 #INTERPOLATE POINT
1036825 1273034557 6.927714499999999 50.945261000000016 #INTERPOLATE POINT
1036825 1273034558 6.927734999999998 50.94525400000002 #INTERPOLATE POINT
1036825 1273034559 6.927755499999998 50.94524700000002 #INTERPOLATE POINT
1036825 1273034560 6.927776 50.94524 #LAST INTERPOLATE POINT
1036825 1273034560 6.927776 50.94524 #NO INTERPOLATE
1036825 1273034561 6.9278949999999995 50.945201499999996 #INTERPOLATE POINT
1036825 1273034562 6.928013999999999 50.945162999999994 #INTERPOLATE POINT
1036825 1273034563 6.928132999999999 50.94512449999999 #INTERPOLATE POINT
1036825 1273034564 6.928251999999999 50.94508599999999 #INTERPOLATE POINT
1036825 1273034565 6.9283709999999985 50.94504749999999 #INTERPOLATE POINT
1036825 1273034566 6.928489999999998 50.945008999999985 #INTERPOLATE POINT
1036825 1273034567 6.928608999999998 50.94497049999998 #INTERPOLATE POINT
1036825 1273034568 6.928727999999998 50.94493199999998 #INTERPOLATE POINT
1036825 1273034569 6.9288469999999975 50.94489349999998 #INTERPOLATE POINT
1036825 1273034570 6.928966 50.944855 #LAST INTERPOLATE POINT
1036825 1273034570 6.928966 50.944855 #NO INTERPOLATE
1036825 1273034571 6.9292189 50.944776 #INTERPOLATE POINT
1036825 1273034572 6.9294718 50.944697 #INTERPOLATE POINT
1036825 1273034573 6.9297246999999995 50.944618 #INTERPOLATE POINT
1036825 1273034574 6.929977599999999 50.944539 #INTERPOLATE POINT
1036825 1273034575 6.930230499999999 50.94446 #INTERPOLATE POINT
1036825 1273034576 6.930483399999998 50.944381 #INTERPOLATE POINT
1036825 1273034577 6.930736299999998 50.944302 #INTERPOLATE POINT
1036825 1273034578 6.930989199999997 50.944223 #INTERPOLATE POINT
1036825 1273034579 6.931242099999997 50.944144 #INTERPOLATE POINT
1036825 1273034580 6.931495 50.944065 #LAST INTERPOLATE POINT
