162598 1273035910 7.052758 50.875625
162598 1273035911 7.052956571428571 50.875597285714285 #INTERPOLATE POINT
162598 1273035912 7.053155142857142 50.87556957142857 #INTERPOLATE POINT
162598 1273035913 7.053353714285714 50.875541857142856 #INTERPOLATE POINT
162598 1273035914 7.053552285714285 50.87551414285714 #INTERPOLATE POINT
162598 1273035915 7.053750857142856 50.87548642857143 #INTERPOLATE POINT
162598 1273035916 7.0539494285714275 50.87545871428571 #INTERPOLATE POINT
162598 1273035917 7.054148 50.875431 #LAST INTERPOLATE POINT
162598 1273035918 7.054342999999999 50.87539433333333 #INTERPOLATE POINT
162598 1273035919 7.054537999999999 50.875357666666666 #INTERPOLATE POINT
162598 1273035920 7.054733 50.875321 #LAST INTERPOLATE POINT
162598 1273035920 7.054733 50.875321 #NO INTERPOLATE
162598 1273035921 7.0548779999999995 50.87528657142857 #INTERPOLATE POINT
162598 1273035922 7.055022999999999 50.875252142857136 #INTERPOLATE POINT
162598 1273035923 7.055167999999999 50.875217714285704 #INTERPOLATE POINT
162598 1273035924 7.055312999999999 50.87518328571427 #INTERPOLATE POINT
162598 1273035925 7.055457999999999 50.87514885714284 #INTERPOLATE POINT
162598 1273035926 7.055602999999999 50.87511442857141 #INTERPOLATE POINT
162598 1273035927 7.055748 50.87508 #LAST INTERPOLATE POINT
162598 1273035928 7.055775333333334 50.87520433333333 #INTERPOLATE POINT
162598 1273035929 7.0558026666666676 50.87532866666666 #INTERPOLATE POINT
162598 1273035930 7.05583 50.875453 #LAST INTERPOLATE POINT
162598 1273035930 7.05583 50.875453 #NO INTERPOLATE
162598 1273035931 7.055911 50.875719 #NO INTERPOLATE
162598 1273035931 7.055930857142857 50.87558942857143 #INTERPOLATE POINT
162598 1273035932 7.056031714285714 50.87572585714286 #INTERPOLATE POINT
162598 1273035933 7.056132571428571 50.87586228571429 #INTERPOLATE POINT
162598 1273035934 7.056233428571428 50.87599871428572 #INTERPOLATE POINT
162598 1273035935 7.056334285714285 50.87613514285715 #INTERPOLATE POINT
162598 1273035936 7.056435142857142 50.87627157142858 #INTERPOLATE POINT
162598 1273035937 7.056536 50.876408 #LAST INTERPOLATE POINT
162598 1273035938 7.056563333333334 50.87650566666667 #INTERPOLATE POINT
162598 1273035939 7.056590666666668 50.876603333333335 #INTERPOLATE POINT
162598 1273035940 7.056618 50.876701 #LAST INTERPOLATE POINT
162598 1273035940 7.056618 50.876701 #NO INTERPOLATE
162598 1273035941 7.056622 50.87684 #INTERPOLATE POINT
162598 1273035942 7.056626 50.876979000000006 #INTERPOLATE POINT
162598 1273035943 7.056629999999999 50.87711800000001 #INTERPOLATE POINT
162598 1273035944 7.056634 50.877257 #LAST INTERPOLATE POINT
162598 1273035945 7.056493333333333 50.877245333333335 #INTERPOLATE POINT
162598 1273035946 7.056352666666666 50.87723366666667 #INTERPOLATE POINT
162598 1273035947 7.056212 50.877222 #LAST INTERPOLATE POINT
162598 1273035948 7.0560805 50.87723200000001 #INTERPOLATE POINT
162598 1273035949 7.055949 50.877242 #LAST INTERPOLATE POINT
162598 1273035950 7.055939 50.877212 #NO INTERPOLATE
162598 1273035950 7.055939 50.877212 #NO INTERPOLATE
162598 1273035950 7.055949 50.877242 #NO INTERPOLATE
162598 1273035950 7.055778181818182 50.87726790909091 #INTERPOLATE POINT
162598 1273035951 7.055607363636364 50.87729381818182 #INTERPOLATE POINT
162598 1273035952 7.055436545454546 50.87731972727273 #INTERPOLATE POINT
162598 1273035953 7.055265727272728 50.877345636363636 #INTERPOLATE POINT
162598 1273035954 7.05509490909091 50.877371545454544 #INTERPOLATE POINT
162598 1273035955 7.054924090909092 50.87739745454545 #INTERPOLATE POINT
162598 1273035956 7.0547532727272735 50.87742336363636 #INTERPOLATE POINT
162598 1273035957 7.054582454545455 50.87744927272727 #INTERPOLATE POINT
162598 1273035958 7.054411636363637 50.87747518181818 #INTERPOLATE POINT
162598 1273035959 7.054240818181819 50.877501090909085 #INTERPOLATE POINT
162598 1273035960 7.05407 50.877527 #LAST INTERPOLATE POINT
162598 1273035960 7.05407 50.877527 #NO INTERPOLATE
162598 1273035961 7.0539986 50.877542500000004 #INTERPOLATE POINT
162598 1273035962 7.0539271999999995 50.87755800000001 #INTERPOLATE POINT
162598 1273035963 7.053855799999999 50.87757350000001 #INTERPOLATE POINT
162598 1273035964 7.053784399999999 50.877589000000015 #INTERPOLATE POINT
162598 1273035965 7.053712999999998 50.87760450000002 #INTERPOLATE POINT
162598 1273035966 7.053641599999998 50.87762000000002 #INTERPOLATE POINT
162598 1273035967 7.053570199999998 50.877635500000025 #INTERPOLATE POINT
162598 1273035968 7.053498799999997 50.87765100000003 #INTERPOLATE POINT
162598 1273035969 7.053427399999997 50.87766650000003 #INTERPOLATE POINT
162598 1273035970 7.053356 50.877682 #LAST INTERPOLATE POINT
162598 1273035970 7.053356 50.877682 #NO INTERPOLATE
162598 1273035971 7.0533559 50.877682 #INTERPOLATE POINT
162598 1273035972 7.053355799999999 50.877682 #INTERPOLATE POINT
162598 1273035973 7.053355699999999 50.877682 #INTERPOLATE POINT
162598 1273035974 7.053355599999999 50.877682 #INTERPOLATE POINT
162598 1273035975 7.053355499999999 50.877682 #INTERPOLATE POINT
162598 1273035976 7.053355399999998 50.877682 #INTERPOLATE POINT
162598 1273035977 7.053355299999998 50.877682 #INTERPOLATE POINT
162598 1273035978 7.053355199999998 50.877682 #INTERPOLATE POINT
162598 1273035979 7.053355099999997 50.877682 #INTERPOLATE POINT
162598 1273035980 7.053355 50.877682 #LAST INTERPOLATE POINT
162598 1273035980 7.053355 50.877682 #NO INTERPOLATE
162598 1273035981 7.0532882 50.877696 #INTERPOLATE POINT
162598 1273035982 7.0532214 50.87771 #INTERPOLATE POINT
162598 1273035983 7.0531546 50.877724 #INTERPOLATE POINT
162598 1273035984 7.0530878 50.877738 #INTERPOLATE POINT
162598 1273035985 7.053021 50.877752 #LAST INTERPOLATE POINT
162598 1273035986 7.0530474000000005 50.8777998 #INTERPOLATE POINT
162598 1273035987 7.053073800000001 50.877847599999996 #INTERPOLATE POINT
162598 1273035988 7.053100200000001 50.87789539999999 #INTERPOLATE POINT
162598 1273035989 7.0531266000000015 50.87794319999999 #INTERPOLATE POINT
162598 1273035990 7.053153 50.877991 #LAST INTERPOLATE POINT
162598 1273035990 7.053153 50.877991 #NO INTERPOLATE
162598 1273035991 7.0532308 50.8781398 #INTERPOLATE POINT
162598 1273035992 7.053308599999999 50.8782886 #INTERPOLATE POINT
162598 1273035993 7.053386399999999 50.878437399999996 #INTERPOLATE POINT
162598 1273035994 7.053464199999999 50.878586199999994 #INTERPOLATE POINT
162598 1273035995 7.053542 50.878735 #LAST INTERPOLATE POINT
162598 1273035996 7.0536200000000004 50.8788252 #INTERPOLATE POINT
162598 1273035997 7.053698000000001 50.878915400000004 #INTERPOLATE POINT
162598 1273035998 7.053776000000001 50.879005600000006 #INTERPOLATE POINT
162598 1273035999 7.053854000000001 50.87909580000001 #INTERPOLATE POINT
162598 1273036000 7.053932 50.879186 #LAST INTERPOLATE POINT
162598 1273036000 7.053932 50.879186 #NO INTERPOLATE
162598 1273036001 7.0539651999999995 50.879213699999994 #INTERPOLATE POINT
162598 1273036002 7.053998399999999 50.8792414 #INTERPOLATE POINT
162598 1273036003 7.054031599999999 50.8792691 #INTERPOLATE POINT
162598 1273036004 7.054064799999999 50.879296800000006 #INTERPOLATE POINT
162598 1273036005 7.054097999999999 50.87932450000001 #INTERPOLATE POINT
162598 1273036006 7.054131199999999 50.879352200000014 #INTERPOLATE POINT
162598 1273036007 7.054164399999999 50.87937990000002 #INTERPOLATE POINT
162598 1273036008 7.054197599999998 50.87940760000002 #INTERPOLATE POINT
162598 1273036009 7.054230799999998 50.879435300000026 #INTERPOLATE POINT
162598 1273036010 7.054264 50.879463 #LAST INTERPOLATE POINT
162598 1273036010 7.054264 50.879463 #NO INTERPOLATE
162598 1273036011 7.0543676 50.879544 #INTERPOLATE POINT
162598 1273036012 7.0544712 50.879625000000004 #INTERPOLATE POINT
162598 1273036013 7.0545748 50.879706000000006 #INTERPOLATE POINT
162598 1273036014 7.0546784 50.87978700000001 #INTERPOLATE POINT
162598 1273036015 7.054782 50.879868 #LAST INTERPOLATE POINT
162598 1273036016 7.0548664 50.879952 #INTERPOLATE POINT
162598 1273036017 7.054950799999999 50.880036000000004 #INTERPOLATE POINT
162598 1273036018 7.055035199999999 50.880120000000005 #INTERPOLATE POINT
162598 1273036019 7.0551195999999985 50.880204000000006 #INTERPOLATE POINT
162598 1273036020 7.055204 50.880288 #LAST INTERPOLATE POINT
162598 1273036020 7.055204 50.880288 #NO INTERPOLATE
162598 1273036021 7.055449 50.880563 #NO INTERPOLATE
162598 1273036021 7.055383 50.880578 #INTERPOLATE POINT
162598 1273036022 7.055562 50.880868 #LAST INTERPOLATE POINT
162598 1273036023 7.0555695 50.881106875 #INTERPOLATE POINT
162598 1273036024 7.0555769999999995 50.88134575 #INTERPOLATE POINT
162598 1273036025 7.055584499999999 50.881584625 #INTERPOLATE POINT
162598 1273036026 7.055591999999999 50.8818235 #INTERPOLATE POINT
162598 1273036027 7.055599499999999 50.882062375000004 #INTERPOLATE POINT
162598 1273036028 7.055606999999998 50.882301250000005 #INTERPOLATE POINT
162598 1273036029 7.055614499999998 50.882540125000006 #INTERPOLATE POINT
162598 1273036030 7.055622 50.882779 #LAST INTERPOLATE POINT
162598 1273036030 7.055622 50.882779 #NO INTERPOLATE
162598 1273036031 7.0556385 50.88307725 #INTERPOLATE POINT
162598 1273036032 7.055655 50.8833755 #INTERPOLATE POINT
162598 1273036033 7.0556715 50.88367375 #INTERPOLATE POINT
162598 1273036034 7.055688 50.883972 #LAST INTERPOLATE POINT
162598 1273036035 7.055739 50.884147 #NO INTERPOLATE
162598 1273036035 7.0557 50.884218000000004 #INTERPOLATE POINT
162598 1273036036 7.055712 50.88446400000001 #INTERPOLATE POINT
162598 1273036037 7.055724 50.88471000000001 #INTERPOLATE POINT
162598 1273036038 7.055736 50.884956 #LAST INTERPOLATE POINT
162598 1273036039 7.055793 50.885268 #NO INTERPOLATE
162598 1273036039 7.0557645 50.88511200000001 #INTERPOLATE POINT
162598 1273036040 7.055793 50.885268 #LAST INTERPOLATE POINT
162598 1273036040 7.055814 50.885453 #NO INTERPOLATE
162598 1273036040 7.055948 50.885521 #NO INTERPOLATE
162598 1273036041 7.056051 50.885541 #NO INTERPOLATE
162598 1273036041 7.056191 50.885400000000004 #INTERPOLATE POINT
162598 1273036042 7.056589 50.885532 #LAST INTERPOLATE POINT
162598 1273036043 7.055941 50.885603 #NO INTERPOLATE
162598 1273036043 7.056279 50.885584 #NO INTERPOLATE
162598 1273036043 7.0561565 50.885638 #INTERPOLATE POINT
162598 1273036044 7.055724 50.885744 #LAST INTERPOLATE POINT
162598 1273036045 7.05570675 50.886204250000006 #INTERPOLATE POINT
162598 1273036046 7.0556895 50.88666450000001 #INTERPOLATE POINT
162598 1273036047 7.05567225 50.88712475000001 #INTERPOLATE POINT
162598 1273036048 7.055655 50.887585 #LAST INTERPOLATE POINT
162598 1273036048 7.055751 50.887463 #NO INTERPOLATE
162598 1273036048 7.055782 50.887338 #NO INTERPOLATE
162598 1273036049 7.055275 50.887816 #NO INTERPOLATE
162598 1273036049 7.055465 50.8877005 #INTERPOLATE POINT
162598 1273036050 7.055275 50.887816 #LAST INTERPOLATE POINT
162598 1273036051 7.054964 50.8879924 #INTERPOLATE POINT
162598 1273036052 7.054653 50.8881688 #INTERPOLATE POINT
162598 1273036053 7.054342 50.8883452 #INTERPOLATE POINT
162598 1273036054 7.054031 50.888521600000004 #INTERPOLATE POINT
162598 1273036055 7.05372 50.888698 #LAST INTERPOLATE POINT
162598 1273036056 7.054056 50.889019 #INTERPOLATE POINT
162598 1273036057 7.054392 50.88934 #LAST INTERPOLATE POINT
162598 1273036058 7.0544915 50.88952999999999 #INTERPOLATE POINT
162598 1273036059 7.054591 50.88972 #LAST INTERPOLATE POINT
162598 1273036060 7.054632 50.889985 #NO INTERPOLATE
162598 1273036060 7.054632 50.889985 #NO INTERPOLATE
162598 1273036060 7.054688 50.89024 #NO INTERPOLATE
162598 1273036060 7.0546855 50.8900635 #INTERPOLATE POINT
162598 1273036061 7.05478 50.890407 #LAST INTERPOLATE POINT
162598 1273036062 7.055003 50.89063225 #INTERPOLATE POINT
162598 1273036063 7.055226 50.8908575 #INTERPOLATE POINT
162598 1273036064 7.055449 50.89108275 #INTERPOLATE POINT
162598 1273036065 7.055672 50.891308 #LAST INTERPOLATE POINT
162598 1273036065 7.055792 50.891295 #NO INTERPOLATE
162598 1273036065 7.055908 50.891343 #NO INTERPOLATE
162598 1273036066 7.055935 50.891417 #NO INTERPOLATE
162598 1273036066 7.0559140000000005 50.89152466666667 #INTERPOLATE POINT
162598 1273036067 7.0561560000000005 50.891741333333336 #INTERPOLATE POINT
162598 1273036068 7.056398 50.891958 #LAST INTERPOLATE POINT
162598 1273036069 7.0566145 50.892166 #INTERPOLATE POINT
162598 1273036070 7.056831 50.892374 #LAST INTERPOLATE POINT
162598 1273036070 7.056831 50.892374 #NO INTERPOLATE
162598 1273036071 7.057064 50.892804 #NO INTERPOLATE
162598 1273036071 7.0569219 50.892612 #INTERPOLATE POINT
162598 1273036072 7.0570128 50.89285 #INTERPOLATE POINT
162598 1273036073 7.0571037 50.893088000000006 #INTERPOLATE POINT
162598 1273036074 7.0571946 50.89332600000001 #INTERPOLATE POINT
162598 1273036075 7.0572855 50.89356400000001 #INTERPOLATE POINT
162598 1273036076 7.0573764 50.893802000000015 #INTERPOLATE POINT
162598 1273036077 7.0574673 50.89404000000002 #INTERPOLATE POINT
162598 1273036078 7.0575582 50.89427800000002 #INTERPOLATE POINT
162598 1273036079 7.0576491 50.894516000000024 #INTERPOLATE POINT
162598 1273036080 7.05774 50.894754 #LAST INTERPOLATE POINT
162598 1273036080 7.05774 50.894754 #NO INTERPOLATE
162598 1273036081 7.0578095 50.8949759 #INTERPOLATE POINT
162598 1273036082 7.057879000000001 50.8951978 #INTERPOLATE POINT
162598 1273036083 7.057948500000001 50.8954197 #INTERPOLATE POINT
162598 1273036084 7.0580180000000015 50.8956416 #INTERPOLATE POINT
162598 1273036085 7.058087500000002 50.8958635 #INTERPOLATE POINT
162598 1273036086 7.058157000000002 50.8960854 #INTERPOLATE POINT
162598 1273036087 7.058226500000003 50.8963073 #INTERPOLATE POINT
162598 1273036088 7.058296000000003 50.896529199999996 #INTERPOLATE POINT
162598 1273036089 7.058365500000003 50.896751099999996 #INTERPOLATE POINT
162598 1273036090 7.058435 50.896973 #LAST INTERPOLATE POINT
162598 1273036090 7.058435 50.896973 #NO INTERPOLATE
162598 1273036091 7.058444000000001 50.8969998 #INTERPOLATE POINT
162598 1273036092 7.058453000000001 50.897026600000004 #INTERPOLATE POINT
162598 1273036093 7.058462000000001 50.897053400000004 #INTERPOLATE POINT
162598 1273036094 7.058471000000002 50.897080200000005 #INTERPOLATE POINT
162598 1273036095 7.058480000000002 50.897107000000005 #INTERPOLATE POINT
162598 1273036096 7.0584890000000025 50.897133800000006 #INTERPOLATE POINT
162598 1273036097 7.058498000000003 50.89716060000001 #INTERPOLATE POINT
162598 1273036098 7.058507000000003 50.89718740000001 #INTERPOLATE POINT
162598 1273036099 7.058516000000004 50.89721420000001 #INTERPOLATE POINT
162598 1273036100 7.058525 50.897241 #LAST INTERPOLATE POINT
162598 1273036100 7.058525 50.897241 #NO INTERPOLATE
162598 1273036100 7.058525 50.897241 #NO INTERPOLATE
162598 1273036101 7.058525 50.897241 #INTERPOLATE POINT
162598 1273036102 7.058525 50.897241 #INTERPOLATE POINT
162598 1273036103 7.058525 50.897241 #INTERPOLATE POINT
162598 1273036104 7.058525 50.897241 #INTERPOLATE POINT
162598 1273036105 7.058525 50.897241 #INTERPOLATE POINT
162598 1273036106 7.058525 50.897241 #INTERPOLATE POINT
162598 1273036107 7.058525 50.897241 #INTERPOLATE POINT
162598 1273036108 7.058525 50.897241 #INTERPOLATE POINT
162598 1273036109 7.058525 50.897241 #INTERPOLATE POINT
162598 1273036110 7.058525 50.897241 #LAST INTERPOLATE POINT
162598 1273036110 7.058525 50.897241 #NO INTERPOLATE
162598 1273036111 7.058525 50.897241 #INTERPOLATE POINT
162598 1273036112 7.058525 50.897241 #INTERPOLATE POINT
162598 1273036113 7.058525 50.897241 #INTERPOLATE POINT
162598 1273036114 7.058525 50.897241 #INTERPOLATE POINT
162598 1273036115 7.058525 50.897241 #INTERPOLATE POINT
162598 1273036116 7.058525 50.897241 #INTERPOLATE POINT
162598 1273036117 7.058525 50.897241 #INTERPOLATE POINT
162598 1273036118 7.058525 50.897241 #INTERPOLATE POINT
162598 1273036119 7.058525 50.897241 #INTERPOLATE POINT
162598 1273036120 7.058525 50.897241 #LAST INTERPOLATE POINT
162598 1273036120 7.058525 50.897241 #NO INTERPOLATE
162598 1273036121 7.058525 50.897241 #INTERPOLATE POINT
162598 1273036122 7.058525 50.897241 #INTERPOLATE POINT
162598 1273036123 7.058525 50.897241 #INTERPOLATE POINT
162598 1273036124 7.058525 50.897241 #INTERPOLATE POINT
162598 1273036125 7.058525 50.897241 #INTERPOLATE POINT
162598 1273036126 7.058525 50.897241 #INTERPOLATE POINT
162598 1273036127 7.058525 50.897241 #INTERPOLATE POINT
162598 1273036128 7.058525 50.897241 #INTERPOLATE POINT
162598 1273036129 7.058525 50.897241 #INTERPOLATE POINT
162598 1273036130 7.058525 50.897241 #LAST INTERPOLATE POINT
162598 1273036130 7.058525 50.897241 #NO INTERPOLATE
162598 1273036131 7.058525 50.897241 #INTERPOLATE POINT
162598 1273036132 7.058525 50.897241 #INTERPOLATE POINT
162598 1273036133 7.058525 50.897241 #INTERPOLATE POINT
162598 1273036134 7.058525 50.897241 #INTERPOLATE POINT
162598 1273036135 7.058525 50.897241 #INTERPOLATE POINT
162598 1273036136 7.058525 50.897241 #INTERPOLATE POINT
162598 1273036137 7.058525 50.897241 #INTERPOLATE POINT
162598 1273036138 7.058525 50.897241 #INTERPOLATE POINT
162598 1273036139 7.058525 50.897241 #INTERPOLATE POINT
162598 1273036140 7.058525 50.897241 #LAST INTERPOLATE POINT
162598 1273036141 7.0585544 50.8973217 #INTERPOLATE POINT
162598 1273036142 7.0585838 50.8974024 #INTERPOLATE POINT
162598 1273036143 7.0586132 50.897483099999995 #INTERPOLATE POINT
162598 1273036144 7.0586426 50.89756379999999 #INTERPOLATE POINT
162598 1273036145 7.058672 50.89764449999999 #INTERPOLATE POINT
162598 1273036146 7.0587013999999995 50.89772519999999 #INTERPOLATE POINT
162598 1273036147 7.058730799999999 50.89780589999999 #INTERPOLATE POINT
162598 1273036148 7.058760199999999 50.897886599999985 #INTERPOLATE POINT
162598 1273036149 7.058789599999999 50.89796729999998 #INTERPOLATE POINT
162598 1273036150 7.058819 50.898048 #LAST INTERPOLATE POINT
162598 1273036150 7.058819 50.898048 #NO INTERPOLATE
162598 1273036151 7.0588652 50.8981633 #INTERPOLATE POINT
162598 1273036152 7.0589113999999995 50.8982786 #INTERPOLATE POINT
162598 1273036153 7.058957599999999 50.898393899999995 #INTERPOLATE POINT
162598 1273036154 7.059003799999999 50.89850919999999 #INTERPOLATE POINT
162598 1273036155 7.059049999999999 50.89862449999999 #INTERPOLATE POINT
162598 1273036156 7.059096199999999 50.89873979999999 #INTERPOLATE POINT
162598 1273036157 7.059142399999999 50.898855099999984 #INTERPOLATE POINT
162598 1273036158 7.059188599999999 50.89897039999998 #INTERPOLATE POINT
162598 1273036159 7.059234799999999 50.89908569999998 #INTERPOLATE POINT
162598 1273036160 7.059281 50.899201 #LAST INTERPOLATE POINT
162598 1273036160 7.059281 50.899201 #NO INTERPOLATE
162598 1273036161 7.059327400000001 50.8993146 #INTERPOLATE POINT
162598 1273036162 7.059373800000001 50.899428199999996 #INTERPOLATE POINT
162598 1273036163 7.059420200000002 50.899541799999994 #INTERPOLATE POINT
162598 1273036164 7.059466600000002 50.89965539999999 #INTERPOLATE POINT
162598 1273036165 7.059513000000003 50.89976899999999 #INTERPOLATE POINT
162598 1273036166 7.059559400000003 50.89988259999999 #INTERPOLATE POINT
162598 1273036167 7.0596058000000035 50.89999619999999 #INTERPOLATE POINT
162598 1273036168 7.059652200000004 50.90010979999999 #INTERPOLATE POINT
162598 1273036169 7.059698600000004 50.90022339999999 #INTERPOLATE POINT
162598 1273036170 7.059745 50.900337 #LAST INTERPOLATE POINT
162598 1273036170 7.059745 50.900337 #NO INTERPOLATE
162598 1273036171 7.059785714285715 50.900451714285715 #INTERPOLATE POINT
162598 1273036172 7.059826428571429 50.90056642857143 #INTERPOLATE POINT
162598 1273036173 7.059867142857144 50.900681142857145 #INTERPOLATE POINT
162598 1273036174 7.059907857142858 50.90079585714286 #INTERPOLATE POINT
162598 1273036175 7.059948571428572 50.900910571428575 #INTERPOLATE POINT
162598 1273036176 7.059989285714287 50.90102528571429 #INTERPOLATE POINT
162598 1273036177 7.06003 50.90114 #LAST INTERPOLATE POINT
162598 1273036178 7.060045666666666 50.901260666666666 #INTERPOLATE POINT
162598 1273036179 7.060061333333333 50.90138133333333 #INTERPOLATE POINT
162598 1273036180 7.060077 50.901502 #LAST INTERPOLATE POINT
162598 1273036180 7.060077 50.901502 #NO INTERPOLATE
162598 1273036181 7.060093571428571 50.90162957142857 #INTERPOLATE POINT
162598 1273036182 7.060110142857143 50.90175714285714 #INTERPOLATE POINT
162598 1273036183 7.0601267142857145 50.901884714285714 #INTERPOLATE POINT
162598 1273036184 7.060143285714286 50.902012285714285 #INTERPOLATE POINT
162598 1273036185 7.060159857142858 50.902139857142856 #INTERPOLATE POINT
162598 1273036186 7.060176428571429 50.90226742857143 #INTERPOLATE POINT
162598 1273036187 7.060193 50.902395 #LAST INTERPOLATE POINT
162598 1273036188 7.060219 50.902496666666664 #INTERPOLATE POINT
162598 1273036189 7.060245 50.90259833333333 #INTERPOLATE POINT
162598 1273036190 7.060271 50.9027 #LAST INTERPOLATE POINT
162598 1273036190 7.060271 50.9027 #NO INTERPOLATE
162598 1273036191 7.0603014 50.9027734 #INTERPOLATE POINT
162598 1273036192 7.0603318 50.9028468 #INTERPOLATE POINT
162598 1273036193 7.0603622 50.9029202 #INTERPOLATE POINT
162598 1273036194 7.0603926 50.902993599999995 #INTERPOLATE POINT
162598 1273036195 7.060423 50.903067 #LAST INTERPOLATE POINT
162598 1273036196 7.0604548000000005 50.9031154 #INTERPOLATE POINT
162598 1273036197 7.060486600000001 50.903163799999994 #INTERPOLATE POINT
162598 1273036198 7.060518400000001 50.90321219999999 #INTERPOLATE POINT
162598 1273036199 7.0605502000000016 50.90326059999999 #INTERPOLATE POINT
162598 1273036200 7.060582 50.903309 #LAST INTERPOLATE POINT
162598 1273036200 7.060582 50.903309 #NO INTERPOLATE
162598 1273036200 7.060582 50.903309 #NO INTERPOLATE
162598 1273036201 7.060582 50.903309 #INTERPOLATE POINT
162598 1273036202 7.060582 50.903309 #INTERPOLATE POINT
162598 1273036203 7.060582 50.903309 #INTERPOLATE POINT
162598 1273036204 7.060582 50.903309 #INTERPOLATE POINT
162598 1273036205 7.060582 50.903309 #INTERPOLATE POINT
162598 1273036206 7.060582 50.903309 #INTERPOLATE POINT
162598 1273036207 7.060582 50.903309 #INTERPOLATE POINT
162598 1273036208 7.060582 50.903309 #INTERPOLATE POINT
162598 1273036209 7.060582 50.903309 #INTERPOLATE POINT
162598 1273036210 7.060582 50.903309 #LAST INTERPOLATE POINT
162598 1273036210 7.060582 50.903309 #NO INTERPOLATE
162598 1273036211 7.060582 50.903309 #INTERPOLATE POINT
162598 1273036212 7.060582 50.903309 #INTERPOLATE POINT
162598 1273036213 7.060582 50.903309 #INTERPOLATE POINT
162598 1273036214 7.060582 50.903309 #INTERPOLATE POINT
162598 1273036215 7.060582 50.903309 #INTERPOLATE POINT
162598 1273036216 7.060582 50.903309 #INTERPOLATE POINT
162598 1273036217 7.060582 50.903309 #INTERPOLATE POINT
162598 1273036218 7.060582 50.903309 #INTERPOLATE POINT
162598 1273036219 7.060582 50.903309 #INTERPOLATE POINT
162598 1273036220 7.060582 50.903309 #LAST INTERPOLATE POINT
162598 1273036220 7.060582 50.903309 #NO INTERPOLATE
162598 1273036221 7.060582 50.903309 #INTERPOLATE POINT
162598 1273036222 7.060582 50.903309 #INTERPOLATE POINT
162598 1273036223 7.060582 50.903309 #INTERPOLATE POINT
162598 1273036224 7.060582 50.903309 #INTERPOLATE POINT
162598 1273036225 7.060582 50.903309 #INTERPOLATE POINT
162598 1273036226 7.060582 50.903309 #INTERPOLATE POINT
162598 1273036227 7.060582 50.903309 #INTERPOLATE POINT
162598 1273036228 7.060582 50.903309 #INTERPOLATE POINT
162598 1273036229 7.060582 50.903309 #INTERPOLATE POINT
162598 1273036230 7.060582 50.903309 #LAST INTERPOLATE POINT
162598 1273036231 7.060660333333334 50.90339766666666 #INTERPOLATE POINT
162598 1273036232 7.060738666666667 50.903486333333326 #INTERPOLATE POINT
162598 1273036233 7.060817 50.903575 #LAST INTERPOLATE POINT
162598 1273036234 7.060894 50.903641428571426 #INTERPOLATE POINT
162598 1273036235 7.060971 50.903707857142855 #INTERPOLATE POINT
162598 1273036236 7.061048 50.903774285714285 #INTERPOLATE POINT
162598 1273036237 7.0611250000000005 50.903840714285714 #INTERPOLATE POINT
162598 1273036238 7.061202000000001 50.90390714285714 #INTERPOLATE POINT
162598 1273036239 7.061279000000001 50.90397357142857 #INTERPOLATE POINT
162598 1273036240 7.061356 50.90404 #LAST INTERPOLATE POINT
162598 1273036240 7.061356 50.90404 #NO INTERPOLATE
162598 1273036241 7.0614532 50.9041143 #INTERPOLATE POINT
162598 1273036242 7.0615504 50.904188600000005 #INTERPOLATE POINT
162598 1273036243 7.0616476 50.904262900000006 #INTERPOLATE POINT
162598 1273036244 7.0617448 50.90433720000001 #INTERPOLATE POINT
162598 1273036245 7.0618419999999995 50.90441150000001 #INTERPOLATE POINT
162598 1273036246 7.061939199999999 50.90448580000001 #INTERPOLATE POINT
162598 1273036247 7.062036399999999 50.90456010000001 #INTERPOLATE POINT
162598 1273036248 7.062133599999999 50.90463440000001 #INTERPOLATE POINT
162598 1273036249 7.062230799999999 50.904708700000015 #INTERPOLATE POINT
162598 1273036250 7.062328 50.904783 #LAST INTERPOLATE POINT
162598 1273036250 7.062328 50.904783 #NO INTERPOLATE
162598 1273036251 7.0623433 50.904794700000004 #INTERPOLATE POINT
162598 1273036252 7.0623586000000005 50.904806400000005 #INTERPOLATE POINT
162598 1273036253 7.062373900000001 50.90481810000001 #INTERPOLATE POINT
162598 1273036254 7.062389200000001 50.90482980000001 #INTERPOLATE POINT
162598 1273036255 7.062404500000001 50.90484150000001 #INTERPOLATE POINT
162598 1273036256 7.062419800000002 50.90485320000001 #INTERPOLATE POINT
162598 1273036257 7.062435100000002 50.904864900000014 #INTERPOLATE POINT
162598 1273036258 7.062450400000002 50.904876600000016 #INTERPOLATE POINT
162598 1273036259 7.062465700000002 50.90488830000002 #INTERPOLATE POINT
162598 1273036260 7.062481 50.9049 #LAST INTERPOLATE POINT
162598 1273036260 7.062481 50.9049 #NO INTERPOLATE
162598 1273036261 7.0624881 50.9049054 #INTERPOLATE POINT
162598 1273036262 7.062495200000001 50.904910799999996 #INTERPOLATE POINT
162598 1273036263 7.062502300000001 50.904916199999995 #INTERPOLATE POINT
162598 1273036264 7.0625094000000015 50.904921599999994 #INTERPOLATE POINT
162598 1273036265 7.062516500000002 50.904926999999994 #INTERPOLATE POINT
162598 1273036266 7.062523600000002 50.90493239999999 #INTERPOLATE POINT
162598 1273036267 7.062530700000003 50.90493779999999 #INTERPOLATE POINT
162598 1273036268 7.062537800000003 50.90494319999999 #INTERPOLATE POINT
162598 1273036269 7.062544900000003 50.90494859999999 #INTERPOLATE POINT
162598 1273036270 7.062552 50.904954 #LAST INTERPOLATE POINT
162598 1273036270 7.062552 50.904954 #NO INTERPOLATE
162598 1273036270 7.062552 50.904954 #NO INTERPOLATE
162598 1273036271 7.062552 50.904954 #INTERPOLATE POINT
162598 1273036272 7.062552 50.904954 #INTERPOLATE POINT
162598 1273036273 7.062552 50.904954 #INTERPOLATE POINT
162598 1273036274 7.062552 50.904954 #INTERPOLATE POINT
162598 1273036275 7.062552 50.904954 #INTERPOLATE POINT
162598 1273036276 7.062552 50.904954 #INTERPOLATE POINT
162598 1273036277 7.062552 50.904954 #INTERPOLATE POINT
162598 1273036278 7.062552 50.904954 #INTERPOLATE POINT
162598 1273036279 7.062552 50.904954 #INTERPOLATE POINT
162598 1273036280 7.062552 50.904954 #LAST INTERPOLATE POINT
162598 1273036281 7.0626064 50.904995199999995 #INTERPOLATE POINT
162598 1273036282 7.0626608 50.90503639999999 #INTERPOLATE POINT
162598 1273036283 7.0627151999999995 50.90507759999999 #INTERPOLATE POINT
162598 1273036284 7.062769599999999 50.90511879999999 #INTERPOLATE POINT
162598 1273036285 7.062823999999999 50.90515999999999 #INTERPOLATE POINT
162598 1273036286 7.062878399999999 50.905201199999986 #INTERPOLATE POINT
162598 1273036287 7.062932799999999 50.905242399999985 #INTERPOLATE POINT
162598 1273036288 7.0629871999999985 50.90528359999998 #INTERPOLATE POINT
162598 1273036289 7.063041599999998 50.90532479999998 #INTERPOLATE POINT
162598 1273036290 7.063096 50.905366 #LAST INTERPOLATE POINT
162598 1273036290 7.063096 50.905366 #NO INTERPOLATE
162598 1273036291 7.063202599999999 50.9054417 #INTERPOLATE POINT
162598 1273036292 7.063309199999999 50.905517399999994 #INTERPOLATE POINT
162598 1273036293 7.063415799999999 50.90559309999999 #INTERPOLATE POINT
162598 1273036294 7.063522399999998 50.90566879999999 #INTERPOLATE POINT
162598 1273036295 7.063628999999998 50.90574449999998 #INTERPOLATE POINT
162598 1273036296 7.063735599999998 50.90582019999998 #INTERPOLATE POINT
162598 1273036297 7.063842199999997 50.905895899999976 #INTERPOLATE POINT
162598 1273036298 7.063948799999997 50.90597159999997 #INTERPOLATE POINT
162598 1273036299 7.064055399999996 50.90604729999997 #INTERPOLATE POINT
162598 1273036300 7.064162 50.906123 #LAST INTERPOLATE POINT
162598 1273036300 7.064162 50.906123 #NO INTERPOLATE
162598 1273036301 7.063946 50.905974 #INTERPOLATE POINT
162598 1273036302 7.06373 50.905825 #LAST INTERPOLATE POINT
162598 1273036303 7.063884 50.905751 #NO INTERPOLATE
162598 1273036303 7.0638695 50.905727 #INTERPOLATE POINT
162598 1273036304 7.064009 50.905629 #LAST INTERPOLATE POINT
162598 1273036305 7.0641605 50.905709 #INTERPOLATE POINT
162598 1273036306 7.064311999999999 50.905789 #INTERPOLATE POINT
162598 1273036307 7.064463499999999 50.905868999999996 #INTERPOLATE POINT
162598 1273036308 7.064615 50.905949 #LAST INTERPOLATE POINT
162598 1273036309 7.064457 50.90606 #NO INTERPOLATE
162598 1273036309 7.064581 50.906144 #NO INTERPOLATE
162598 1273036309 7.064598 50.9060465 #INTERPOLATE POINT
162598 1273036310 7.064581 50.906144 #LAST INTERPOLATE POINT
162598 1273036311 7.0645686 50.9061356 #INTERPOLATE POINT
162598 1273036312 7.0645562 50.9061272 #INTERPOLATE POINT
162598 1273036313 7.0645438 50.9061188 #INTERPOLATE POINT
162598 1273036314 7.0645314 50.9061104 #INTERPOLATE POINT
162598 1273036315 7.064519 50.906102000000004 #INTERPOLATE POINT
162598 1273036316 7.0645066 50.906093600000005 #INTERPOLATE POINT
162598 1273036317 7.0644941999999995 50.90608520000001 #INTERPOLATE POINT
162598 1273036318 7.064481799999999 50.90607680000001 #INTERPOLATE POINT
162598 1273036319 7.064469399999999 50.90606840000001 #INTERPOLATE POINT
162598 1273036320 7.064457 50.90606 #LAST INTERPOLATE POINT
162598 1273036320 7.064611 50.906164 #NO INTERPOLATE
162598 1273036320 7.064611 50.906164 #NO INTERPOLATE
162598 1273036321 7.064615 50.905949 #NO INTERPOLATE
162598 1273036321 7.064345 50.90595225 #INTERPOLATE POINT
162598 1273036322 7.064233000000001 50.9058445 #INTERPOLATE POINT
162598 1273036323 7.064121000000001 50.90573675 #INTERPOLATE POINT
162598 1273036324 7.064009 50.905629 #LAST INTERPOLATE POINT
162598 1273036325 7.06373 50.905825 #NO INTERPOLATE
162598 1273036325 7.063884 50.905751 #NO INTERPOLATE
162598 1273036325 7.064095666666667 50.905752166666666 #INTERPOLATE POINT
162598 1273036326 7.064182333333333 50.905875333333334 #INTERPOLATE POINT
162598 1273036327 7.0642689999999995 50.9059985 #INTERPOLATE POINT
162598 1273036328 7.064355666666666 50.90612166666667 #INTERPOLATE POINT
162598 1273036329 7.064442333333332 50.90624483333334 #INTERPOLATE POINT
162598 1273036330 7.064529 50.906368 #LAST INTERPOLATE POINT
162598 1273036330 7.064529 50.906368 #NO INTERPOLATE
162598 1273036331 7.0645405000000006 50.9063745 #INTERPOLATE POINT
162598 1273036332 7.064552000000001 50.906380999999996 #INTERPOLATE POINT
162598 1273036333 7.064563500000001 50.906387499999994 #INTERPOLATE POINT
162598 1273036334 7.064575000000001 50.90639399999999 #INTERPOLATE POINT
162598 1273036335 7.064586500000002 50.90640049999999 #INTERPOLATE POINT
162598 1273036336 7.064598000000002 50.90640699999999 #INTERPOLATE POINT
162598 1273036337 7.064609500000002 50.906413499999985 #INTERPOLATE POINT
162598 1273036338 7.0646210000000025 50.90641999999998 #INTERPOLATE POINT
162598 1273036339 7.064632500000003 50.90642649999998 #INTERPOLATE POINT
162598 1273036340 7.064644 50.906433 #LAST INTERPOLATE POINT
162598 1273036340 7.064644 50.906433 #NO INTERPOLATE
162598 1273036340 7.064644 50.906433 #NO INTERPOLATE
162598 1273036341 7.064644 50.906433 #INTERPOLATE POINT
162598 1273036342 7.064644 50.906433 #INTERPOLATE POINT
162598 1273036343 7.064644 50.906433 #INTERPOLATE POINT
162598 1273036344 7.064644 50.906433 #INTERPOLATE POINT
162598 1273036345 7.064644 50.906433 #INTERPOLATE POINT
162598 1273036346 7.064644 50.906433 #INTERPOLATE POINT
162598 1273036347 7.064644 50.906433 #INTERPOLATE POINT
162598 1273036348 7.064644 50.906433 #INTERPOLATE POINT
162598 1273036349 7.064644 50.906433 #INTERPOLATE POINT
162598 1273036350 7.064644 50.906433 #LAST INTERPOLATE POINT
162598 1273036350 7.064644 50.906433 #NO INTERPOLATE
162598 1273036351 7.064644 50.906433 #INTERPOLATE POINT
162598 1273036352 7.064644 50.906433 #INTERPOLATE POINT
162598 1273036353 7.064644 50.906433 #INTERPOLATE POINT
162598 1273036354 7.064644 50.906433 #INTERPOLATE POINT
162598 1273036355 7.064644 50.906433 #INTERPOLATE POINT
162598 1273036356 7.064644 50.906433 #INTERPOLATE POINT
162598 1273036357 7.064644 50.906433 #INTERPOLATE POINT
162598 1273036358 7.064644 50.906433 #INTERPOLATE POINT
162598 1273036359 7.064644 50.906433 #INTERPOLATE POINT
162598 1273036360 7.064644 50.906433 #LAST INTERPOLATE POINT
162598 1273036361 7.0646565 50.9064399 #INTERPOLATE POINT
162598 1273036362 7.064669 50.906446800000005 #INTERPOLATE POINT
162598 1273036363 7.064681500000001 50.90645370000001 #INTERPOLATE POINT
162598 1273036364 7.064694000000001 50.90646060000001 #INTERPOLATE POINT
162598 1273036365 7.0647065000000016 50.90646750000001 #INTERPOLATE POINT
162598 1273036366 7.064719000000002 50.906474400000015 #INTERPOLATE POINT
162598 1273036367 7.064731500000002 50.90648130000002 #INTERPOLATE POINT
162598 1273036368 7.064744000000003 50.90648820000002 #INTERPOLATE POINT
162598 1273036369 7.064756500000003 50.90649510000002 #INTERPOLATE POINT
162598 1273036370 7.064769 50.906502 #LAST INTERPOLATE POINT
162598 1273036370 7.064769 50.906502 #NO INTERPOLATE
162598 1273036371 7.0647804 50.906508300000006 #INTERPOLATE POINT
162598 1273036372 7.0647918 50.90651460000001 #INTERPOLATE POINT
162598 1273036373 7.0648032 50.90652090000001 #INTERPOLATE POINT
162598 1273036374 7.0648146 50.90652720000001 #INTERPOLATE POINT
162598 1273036375 7.064826 50.906533500000016 #INTERPOLATE POINT
162598 1273036376 7.0648374 50.90653980000002 #INTERPOLATE POINT
162598 1273036377 7.0648488 50.90654610000002 #INTERPOLATE POINT
162598 1273036378 7.0648602 50.906552400000024 #INTERPOLATE POINT
162598 1273036379 7.0648716 50.906558700000026 #INTERPOLATE POINT
162598 1273036380 7.064883 50.906565 #LAST INTERPOLATE POINT
162598 1273036380 7.064883 50.906565 #NO INTERPOLATE
162598 1273036381 7.0649201999999995 50.9065864 #INTERPOLATE POINT
162598 1273036382 7.064957399999999 50.9066078 #INTERPOLATE POINT
162598 1273036383 7.064994599999999 50.906629200000005 #INTERPOLATE POINT
162598 1273036384 7.065031799999998 50.906650600000006 #INTERPOLATE POINT
162598 1273036385 7.065068999999998 50.90667200000001 #INTERPOLATE POINT
162598 1273036386 7.065106199999997 50.90669340000001 #INTERPOLATE POINT
162598 1273036387 7.065143399999997 50.90671480000001 #INTERPOLATE POINT
162598 1273036388 7.065180599999996 50.90673620000001 #INTERPOLATE POINT
162598 1273036389 7.065217799999996 50.90675760000001 #INTERPOLATE POINT
162598 1273036390 7.065255 50.906779 #LAST INTERPOLATE POINT
162598 1273036390 7.065255 50.906779 #NO INTERPOLATE
162598 1273036391 7.0653738 50.906841299999996 #INTERPOLATE POINT
162598 1273036392 7.0654926 50.90690359999999 #INTERPOLATE POINT
162598 1273036393 7.0656114 50.90696589999999 #INTERPOLATE POINT
162598 1273036394 7.0657302 50.907028199999985 #INTERPOLATE POINT
162598 1273036395 7.065849 50.90709049999998 #INTERPOLATE POINT
162598 1273036396 7.0659678 50.90715279999998 #INTERPOLATE POINT
162598 1273036397 7.0660866 50.90721509999997 #INTERPOLATE POINT
162598 1273036398 7.0662054 50.90727739999997 #INTERPOLATE POINT
162598 1273036399 7.0663242 50.907339699999966 #INTERPOLATE POINT
162598 1273036400 7.066443 50.907402 #LAST INTERPOLATE POINT
162598 1273036400 7.066443 50.907402 #NO INTERPOLATE
162598 1273036401 7.0665197 50.9074457 #INTERPOLATE POINT
162598 1273036402 7.0665964 50.907489399999996 #INTERPOLATE POINT
162598 1273036403 7.0666731 50.907533099999995 #INTERPOLATE POINT
162598 1273036404 7.0667498 50.907576799999994 #INTERPOLATE POINT
162598 1273036405 7.0668265 50.90762049999999 #INTERPOLATE POINT
162598 1273036406 7.0669032000000005 50.90766419999999 #INTERPOLATE POINT
162598 1273036407 7.066979900000001 50.90770789999999 #INTERPOLATE POINT
162598 1273036408 7.067056600000001 50.90775159999999 #INTERPOLATE POINT
162598 1273036409 7.067133300000001 50.90779529999999 #INTERPOLATE POINT
162598 1273036410 7.06721 50.907839 #LAST INTERPOLATE POINT
162598 1273036410 7.06721 50.907839 #NO INTERPOLATE
162598 1273036411 7.067283 50.9078782 #INTERPOLATE POINT
162598 1273036412 7.067356 50.9079174 #INTERPOLATE POINT
162598 1273036413 7.067429000000001 50.907956600000006 #INTERPOLATE POINT
162598 1273036414 7.067502000000001 50.90799580000001 #INTERPOLATE POINT
162598 1273036415 7.0675750000000015 50.90803500000001 #INTERPOLATE POINT
162598 1273036416 7.067648000000002 50.908074200000016 #INTERPOLATE POINT
162598 1273036417 7.067721000000002 50.90811340000002 #INTERPOLATE POINT
162598 1273036418 7.067794000000003 50.90815260000002 #INTERPOLATE POINT
162598 1273036419 7.067867000000003 50.908191800000026 #INTERPOLATE POINT
162598 1273036420 7.06794 50.908231 #LAST INTERPOLATE POINT
162598 1273036420 7.06794 50.908231 #NO INTERPOLATE
162598 1273036420 7.068041 50.908287 #NO INTERPOLATE
162598 1273036421 7.06803 50.908413 #NO INTERPOLATE
162598 1273036421 7.067866666666667 50.90835811111111 #INTERPOLATE POINT
162598 1273036422 7.067793333333334 50.908485222222225 #INTERPOLATE POINT
162598 1273036423 7.067720000000001 50.90861233333334 #INTERPOLATE POINT
162598 1273036424 7.067646666666668 50.90873944444445 #INTERPOLATE POINT
162598 1273036425 7.0675733333333355 50.90886655555556 #INTERPOLATE POINT
162598 1273036426 7.067500000000003 50.908993666666674 #INTERPOLATE POINT
162598 1273036427 7.06742666666667 50.90912077777779 #INTERPOLATE POINT
162598 1273036428 7.067353333333337 50.9092478888889 #INTERPOLATE POINT
162598 1273036429 7.06728 50.909375 #LAST INTERPOLATE POINT
162598 1273036430 7.06728 50.909375 #NO INTERPOLATE
162598 1273036430 7.0671870000000006 50.909501999999996 #INTERPOLATE POINT
162598 1273036431 7.067094000000001 50.909628999999995 #INTERPOLATE POINT
162598 1273036432 7.067001000000001 50.909755999999994 #INTERPOLATE POINT
162598 1273036433 7.0669080000000015 50.909882999999994 #INTERPOLATE POINT
162598 1273036434 7.066815 50.91001 #LAST INTERPOLATE POINT
162598 1273036435 7.066728166666667 50.910148666666664 #INTERPOLATE POINT
162598 1273036436 7.066641333333333 50.91028733333333 #INTERPOLATE POINT
162598 1273036437 7.0665545 50.910425999999994 #INTERPOLATE POINT
162598 1273036438 7.066467666666666 50.91056466666666 #INTERPOLATE POINT
162598 1273036439 7.066380833333333 50.91070333333332 #INTERPOLATE POINT
162598 1273036440 7.066294 50.910842 #LAST INTERPOLATE POINT
162598 1273036440 7.066294 50.910842 #NO INTERPOLATE
162598 1273036441 7.06628 50.9108688 #INTERPOLATE POINT
162598 1273036442 7.066266 50.9108956 #INTERPOLATE POINT
162598 1273036443 7.0662519999999995 50.910922400000004 #INTERPOLATE POINT
162598 1273036444 7.066237999999999 50.910949200000005 #INTERPOLATE POINT
162598 1273036445 7.066223999999999 50.910976000000005 #INTERPOLATE POINT
162598 1273036446 7.066209999999999 50.911002800000006 #INTERPOLATE POINT
162598 1273036447 7.066195999999999 50.911029600000006 #INTERPOLATE POINT
162598 1273036448 7.066181999999999 50.91105640000001 #INTERPOLATE POINT
162598 1273036449 7.0661679999999985 50.91108320000001 #INTERPOLATE POINT
162598 1273036450 7.066154 50.91111 #LAST INTERPOLATE POINT
162598 1273036450 7.066154 50.91111 #NO INTERPOLATE
162598 1273036451 7.0661468 50.9111337 #INTERPOLATE POINT
162598 1273036452 7.0661396000000005 50.9111574 #INTERPOLATE POINT
162598 1273036453 7.066132400000001 50.9111811 #INTERPOLATE POINT
162598 1273036454 7.066125200000001 50.9112048 #INTERPOLATE POINT
162598 1273036455 7.066118000000001 50.9112285 #INTERPOLATE POINT
162598 1273036456 7.0661108000000015 50.9112522 #INTERPOLATE POINT
162598 1273036457 7.066103600000002 50.9112759 #INTERPOLATE POINT
162598 1273036458 7.066096400000002 50.9112996 #INTERPOLATE POINT
162598 1273036459 7.066089200000002 50.9113233 #INTERPOLATE POINT
162598 1273036460 7.066082 50.911347 #LAST INTERPOLATE POINT
162598 1273036460 7.066082 50.911347 #NO INTERPOLATE
162598 1273036461 7.0660701 50.9113883 #INTERPOLATE POINT
162598 1273036462 7.0660582000000005 50.9114296 #INTERPOLATE POINT
162598 1273036463 7.066046300000001 50.9114709 #INTERPOLATE POINT
162598 1273036464 7.066034400000001 50.9115122 #INTERPOLATE POINT
162598 1273036465 7.066022500000002 50.9115535 #INTERPOLATE POINT
162598 1273036466 7.066010600000002 50.911594799999996 #INTERPOLATE POINT
162598 1273036467 7.065998700000002 50.911636099999996 #INTERPOLATE POINT
162598 1273036468 7.065986800000003 50.911677399999995 #INTERPOLATE POINT
162598 1273036469 7.065974900000003 50.911718699999994 #INTERPOLATE POINT
162598 1273036470 7.065963 50.91176 #LAST INTERPOLATE POINT
162598 1273036470 7.065963 50.91176 #NO INTERPOLATE
162598 1273036471 7.0659266 50.9118985 #INTERPOLATE POINT
162598 1273036472 7.0658902 50.912037 #INTERPOLATE POINT
162598 1273036473 7.0658538 50.9121755 #INTERPOLATE POINT
162598 1273036474 7.0658174 50.912313999999995 #INTERPOLATE POINT
162598 1273036475 7.065781 50.91245249999999 #INTERPOLATE POINT
162598 1273036476 7.0657446 50.91259099999999 #INTERPOLATE POINT
162598 1273036477 7.0657082 50.91272949999999 #INTERPOLATE POINT
162598 1273036478 7.0656718000000005 50.91286799999999 #INTERPOLATE POINT
162598 1273036479 7.065635400000001 50.91300649999999 #INTERPOLATE POINT
162598 1273036480 7.065599 50.913145 #LAST INTERPOLATE POINT
162598 1273036480 7.065599 50.913145 #NO INTERPOLATE
162598 1273036481 7.0655396999999995 50.9133805 #INTERPOLATE POINT
162598 1273036482 7.065480399999999 50.913616000000005 #INTERPOLATE POINT
162598 1273036483 7.065421099999999 50.91385150000001 #INTERPOLATE POINT
162598 1273036484 7.065361799999999 50.91408700000001 #INTERPOLATE POINT
162598 1273036485 7.065302499999999 50.91432250000001 #INTERPOLATE POINT
162598 1273036486 7.0652431999999985 50.914558000000014 #INTERPOLATE POINT
162598 1273036487 7.065183899999998 50.914793500000016 #INTERPOLATE POINT
162598 1273036488 7.065124599999998 50.91502900000002 #INTERPOLATE POINT
162598 1273036489 7.065065299999998 50.91526450000002 #INTERPOLATE POINT
162598 1273036490 7.065006 50.9155 #LAST INTERPOLATE POINT
162598 1273036490 7.065006 50.9155 #NO INTERPOLATE
162598 1273036491 7.0649452 50.9157436 #INTERPOLATE POINT
162598 1273036492 7.0648844 50.9159872 #INTERPOLATE POINT
162598 1273036493 7.0648236 50.916230799999994 #INTERPOLATE POINT
162598 1273036494 7.0647628000000005 50.91647439999999 #INTERPOLATE POINT
162598 1273036495 7.0647020000000005 50.91671799999999 #INTERPOLATE POINT
162598 1273036496 7.0646412000000005 50.916961599999986 #INTERPOLATE POINT
162598 1273036497 7.0645804000000005 50.917205199999984 #INTERPOLATE POINT
162598 1273036498 7.064519600000001 50.91744879999998 #INTERPOLATE POINT
162598 1273036499 7.064458800000001 50.91769239999998 #INTERPOLATE POINT
162598 1273036500 7.064398 50.917936 #LAST INTERPOLATE POINT
162598 1273036500 7.064398 50.917936 #NO INTERPOLATE
162598 1273036501 7.0643399 50.918178399999995 #INTERPOLATE POINT
162598 1273036502 7.0642818 50.91842079999999 #INTERPOLATE POINT
162598 1273036503 7.064223699999999 50.91866319999999 #INTERPOLATE POINT
162598 1273036504 7.064165599999999 50.91890559999999 #INTERPOLATE POINT
162598 1273036505 7.064107499999999 50.919147999999986 #INTERPOLATE POINT
162598 1273036506 7.064049399999998 50.91939039999998 #INTERPOLATE POINT
162598 1273036507 7.063991299999998 50.91963279999998 #INTERPOLATE POINT
162598 1273036508 7.0639331999999975 50.91987519999998 #INTERPOLATE POINT
162598 1273036509 7.063875099999997 50.920117599999976 #INTERPOLATE POINT
162598 1273036510 7.063817 50.92036 #LAST INTERPOLATE POINT
162598 1273036510 7.063817 50.92036 #NO INTERPOLATE
162598 1273036511 7.0637426 50.920638600000004 #INTERPOLATE POINT
162598 1273036512 7.0636682 50.920917200000005 #INTERPOLATE POINT
162598 1273036513 7.0635938000000005 50.92119580000001 #INTERPOLATE POINT
162598 1273036514 7.063519400000001 50.92147440000001 #INTERPOLATE POINT
162598 1273036515 7.063445 50.921753 #LAST INTERPOLATE POINT
162598 1273036516 7.063317 50.922075 #NO INTERPOLATE
162598 1273036516 7.063322333333333 50.92201266666667 #INTERPOLATE POINT
162598 1273036517 7.063199666666666 50.92227233333333 #INTERPOLATE POINT
162598 1273036518 7.063077 50.922532 #LAST INTERPOLATE POINT
162598 1273036519 7.0629985 50.9226415 #INTERPOLATE POINT
162598 1273036520 7.06292 50.922751 #LAST INTERPOLATE POINT
162598 1273036520 7.06292 50.922751 #NO INTERPOLATE
162598 1273036521 7.062685500000001 50.923046 #INTERPOLATE POINT
162598 1273036522 7.062451 50.923341 #LAST INTERPOLATE POINT
162598 1273036523 7.0622015000000005 50.923581999999996 #INTERPOLATE POINT
162598 1273036524 7.061952 50.923823 #LAST INTERPOLATE POINT
162598 1273036525 7.0617395 50.9239945 #INTERPOLATE POINT
162598 1273036526 7.061527 50.924166 #LAST INTERPOLATE POINT
162598 1273036527 7.0613135 50.9243135 #INTERPOLATE POINT
162598 1273036528 7.0611 50.924460999999994 #INTERPOLATE POINT
162598 1273036529 7.0608865 50.92460849999999 #INTERPOLATE POINT
162598 1273036530 7.060673 50.924756 #LAST INTERPOLATE POINT
162598 1273036530 7.060673 50.924756 #NO INTERPOLATE
162598 1273036531 7.060379125000001 50.9249555 #INTERPOLATE POINT
162598 1273036532 7.060085250000001 50.925155000000004 #INTERPOLATE POINT
162598 1273036533 7.059791375000001 50.925354500000005 #INTERPOLATE POINT
162598 1273036534 7.059497500000002 50.925554000000005 #INTERPOLATE POINT
162598 1273036535 7.059203625000002 50.925753500000006 #INTERPOLATE POINT
162598 1273036536 7.058909750000002 50.92595300000001 #INTERPOLATE POINT
162598 1273036537 7.058615875000003 50.92615250000001 #INTERPOLATE POINT
162598 1273036538 7.058322 50.926352 #LAST INTERPOLATE POINT
162598 1273036539 7.0581845 50.926461 #INTERPOLATE POINT
162598 1273036540 7.058047 50.92657 #LAST INTERPOLATE POINT
162598 1273036540 7.058047 50.92657 #NO INTERPOLATE
162598 1273036541 7.0578078 50.9267654 #INTERPOLATE POINT
162598 1273036542 7.0575686 50.9269608 #INTERPOLATE POINT
162598 1273036543 7.0573293999999995 50.927156200000006 #INTERPOLATE POINT
162598 1273036544 7.057090199999999 50.92735160000001 #INTERPOLATE POINT
162598 1273036545 7.056850999999999 50.92754700000001 #INTERPOLATE POINT
162598 1273036546 7.056611799999999 50.927742400000014 #INTERPOLATE POINT
162598 1273036547 7.056372599999999 50.92793780000002 #INTERPOLATE POINT
162598 1273036548 7.0561333999999984 50.92813320000002 #INTERPOLATE POINT
162598 1273036549 7.055894199999998 50.92832860000002 #INTERPOLATE POINT
162598 1273036550 7.055655 50.928524 #LAST INTERPOLATE POINT
162598 1273036550 7.055655 50.928524 #NO INTERPOLATE
162598 1273036551 7.055444 50.928724200000005 #INTERPOLATE POINT
162598 1273036552 7.055232999999999 50.92892440000001 #INTERPOLATE POINT
162598 1273036553 7.055021999999999 50.92912460000001 #INTERPOLATE POINT
162598 1273036554 7.054810999999999 50.92932480000001 #INTERPOLATE POINT
162598 1273036555 7.054599999999999 50.92952500000001 #INTERPOLATE POINT
162598 1273036556 7.054388999999999 50.929725200000014 #INTERPOLATE POINT
162598 1273036557 7.0541779999999985 50.929925400000016 #INTERPOLATE POINT
162598 1273036558 7.053966999999998 50.93012560000002 #INTERPOLATE POINT
162598 1273036559 7.053755999999998 50.93032580000002 #INTERPOLATE POINT
162598 1273036560 7.053545 50.930526 #LAST INTERPOLATE POINT
162598 1273036560 7.053545 50.930526 #NO INTERPOLATE
162598 1273036561 7.0534802 50.9305864 #INTERPOLATE POINT
162598 1273036562 7.0534154000000004 50.930646800000005 #INTERPOLATE POINT
162598 1273036563 7.053350600000001 50.93070720000001 #INTERPOLATE POINT
162598 1273036564 7.053285800000001 50.93076760000001 #INTERPOLATE POINT
162598 1273036565 7.0532210000000015 50.93082800000001 #INTERPOLATE POINT
162598 1273036566 7.053156200000002 50.930888400000015 #INTERPOLATE POINT
162598 1273036567 7.053091400000002 50.93094880000002 #INTERPOLATE POINT
162598 1273036568 7.053026600000003 50.93100920000002 #INTERPOLATE POINT
162598 1273036569 7.052961800000003 50.93106960000002 #INTERPOLATE POINT
162598 1273036570 7.052897 50.93113 #LAST INTERPOLATE POINT
162598 1273036570 7.052897 50.93113 #NO INTERPOLATE
162598 1273036571 7.0528799 50.93114610000001 #INTERPOLATE POINT
162598 1273036572 7.0528628 50.9311622 #INTERPOLATE POINT
162598 1273036573 7.0528457 50.9311783 #INTERPOLATE POINT
162598 1273036574 7.0528286 50.931194399999995 #INTERPOLATE POINT
162598 1273036575 7.0528115 50.93121049999999 #INTERPOLATE POINT
162598 1273036576 7.0527944 50.93122659999999 #INTERPOLATE POINT
162598 1273036577 7.0527773 50.931242699999984 #INTERPOLATE POINT
162598 1273036578 7.0527602 50.93125879999998 #INTERPOLATE POINT
162598 1273036579 7.0527431 50.93127489999998 #INTERPOLATE POINT
162598 1273036580 7.052726 50.931291 #LAST INTERPOLATE POINT
162598 1273036580 7.052726 50.931291 #NO INTERPOLATE
162598 1273036581 7.052696 50.931319 #INTERPOLATE POINT
162598 1273036582 7.052666 50.931347 #INTERPOLATE POINT
162598 1273036583 7.052636000000001 50.931375 #INTERPOLATE POINT
162598 1273036584 7.052606000000001 50.931403 #INTERPOLATE POINT
162598 1273036585 7.052576000000001 50.931431 #INTERPOLATE POINT
162598 1273036586 7.052546000000001 50.931459000000004 #INTERPOLATE POINT
162598 1273036587 7.052516000000002 50.931487000000004 #INTERPOLATE POINT
162598 1273036588 7.052486000000002 50.931515000000005 #INTERPOLATE POINT
162598 1273036589 7.052456000000002 50.931543000000005 #INTERPOLATE POINT
162598 1273036590 7.052426 50.931571 #LAST INTERPOLATE POINT
162598 1273036590 7.052426 50.931571 #NO INTERPOLATE
162598 1273036591 7.0523928 50.931602 #INTERPOLATE POINT
162598 1273036592 7.0523596 50.931633 #INTERPOLATE POINT
162598 1273036593 7.0523264 50.931664 #INTERPOLATE POINT
162598 1273036594 7.0522932 50.931695 #INTERPOLATE POINT
162598 1273036595 7.05226 50.931726 #INTERPOLATE POINT
162598 1273036596 7.052226800000001 50.931757 #INTERPOLATE POINT
162598 1273036597 7.052193600000001 50.931788 #INTERPOLATE POINT
162598 1273036598 7.052160400000001 50.931819 #INTERPOLATE POINT
162598 1273036599 7.052127200000001 50.93185 #INTERPOLATE POINT
162598 1273036600 7.052094 50.931881 #LAST INTERPOLATE POINT
162598 1273036600 7.052094 50.931881 #NO INTERPOLATE
162598 1273036601 7.0520777 50.9318963 #INTERPOLATE POINT
162598 1273036602 7.0520613999999995 50.9319116 #INTERPOLATE POINT
162598 1273036603 7.052045099999999 50.9319269 #INTERPOLATE POINT
162598 1273036604 7.052028799999999 50.9319422 #INTERPOLATE POINT
162598 1273036605 7.052012499999998 50.9319575 #INTERPOLATE POINT
162598 1273036606 7.051996199999998 50.931972800000004 #INTERPOLATE POINT
162598 1273036607 7.051979899999997 50.931988100000005 #INTERPOLATE POINT
162598 1273036608 7.051963599999997 50.932003400000006 #INTERPOLATE POINT
162598 1273036609 7.051947299999997 50.93201870000001 #INTERPOLATE POINT
162598 1273036610 7.051931 50.932034 #LAST INTERPOLATE POINT
162598 1273036610 7.051931 50.932034 #NO INTERPOLATE
162598 1273036611 7.0518524 50.932109000000004 #INTERPOLATE POINT
162598 1273036612 7.051773799999999 50.93218400000001 #INTERPOLATE POINT
162598 1273036613 7.051695199999999 50.93225900000001 #INTERPOLATE POINT
162598 1273036614 7.051616599999999 50.93233400000001 #INTERPOLATE POINT
162598 1273036615 7.051537999999999 50.932409000000014 #INTERPOLATE POINT
162598 1273036616 7.051459399999999 50.93248400000002 #INTERPOLATE POINT
162598 1273036617 7.051380799999999 50.93255900000002 #INTERPOLATE POINT
162598 1273036618 7.0513021999999985 50.93263400000002 #INTERPOLATE POINT
162598 1273036619 7.051223599999998 50.932709000000024 #INTERPOLATE POINT
162598 1273036620 7.051145 50.932784 #LAST INTERPOLATE POINT
162598 1273036620 7.051145 50.932784 #NO INTERPOLATE
162598 1273036621 7.0509511 50.9329704 #INTERPOLATE POINT
162598 1273036622 7.0507572 50.933156800000006 #INTERPOLATE POINT
162598 1273036623 7.050563299999999 50.93334320000001 #INTERPOLATE POINT
162598 1273036624 7.050369399999999 50.933529600000014 #INTERPOLATE POINT
162598 1273036625 7.050175499999999 50.93371600000002 #INTERPOLATE POINT
162598 1273036626 7.049981599999999 50.93390240000002 #INTERPOLATE POINT
162598 1273036627 7.049787699999999 50.934088800000026 #INTERPOLATE POINT
162598 1273036628 7.0495937999999985 50.93427520000003 #INTERPOLATE POINT
162598 1273036629 7.049399899999998 50.934461600000034 #INTERPOLATE POINT
162598 1273036630 7.049206 50.934648 #LAST INTERPOLATE POINT
162598 1273036630 7.049206 50.934648 #NO INTERPOLATE
162598 1273036631 7.0489223 50.9349185 #INTERPOLATE POINT
162598 1273036632 7.0486386 50.935189 #INTERPOLATE POINT
162598 1273036633 7.0483549000000005 50.9354595 #INTERPOLATE POINT
162598 1273036634 7.048071200000001 50.93573 #INTERPOLATE POINT
162598 1273036635 7.047787500000001 50.9360005 #INTERPOLATE POINT
162598 1273036636 7.047503800000001 50.936271 #INTERPOLATE POINT
162598 1273036637 7.047220100000001 50.9365415 #INTERPOLATE POINT
162598 1273036638 7.046936400000002 50.936811999999996 #INTERPOLATE POINT
162598 1273036639 7.046652700000002 50.937082499999995 #INTERPOLATE POINT
162598 1273036640 7.046369 50.937353 #LAST INTERPOLATE POINT
162598 1273036640 7.046369 50.937353 #NO INTERPOLATE
162598 1273036641 7.045785 50.937902 #NO INTERPOLATE
162598 1273036641 7.0459665000000005 50.93775525 #INTERPOLATE POINT
162598 1273036642 7.045564000000001 50.9381575 #INTERPOLATE POINT
162598 1273036643 7.045161500000001 50.93855975 #INTERPOLATE POINT
162598 1273036644 7.044759 50.938962 #LAST INTERPOLATE POINT
162598 1273036645 7.0445025 50.939251666666664 #INTERPOLATE POINT
162598 1273036646 7.044246 50.93954133333333 #INTERPOLATE POINT
162598 1273036647 7.0439895 50.939831 #INTERPOLATE POINT
162598 1273036648 7.0437330000000005 50.940120666666665 #INTERPOLATE POINT
162598 1273036649 7.043476500000001 50.94041033333333 #INTERPOLATE POINT
162598 1273036650 7.04322 50.9407 #LAST INTERPOLATE POINT
162598 1273036650 7.04322 50.9407 #NO INTERPOLATE
162598 1273036651 7.042906666666666 50.941082333333334 #INTERPOLATE POINT
162598 1273036652 7.042593333333333 50.94146466666667 #INTERPOLATE POINT
162598 1273036653 7.04228 50.941847 #LAST INTERPOLATE POINT
162598 1273036654 7.042016428571428 50.94219614285714 #INTERPOLATE POINT
162598 1273036655 7.041752857142857 50.94254528571428 #INTERPOLATE POINT
162598 1273036656 7.0414892857142855 50.94289442857142 #INTERPOLATE POINT
162598 1273036657 7.041225714285714 50.94324357142856 #INTERPOLATE POINT
162598 1273036658 7.0409621428571425 50.9435927142857 #INTERPOLATE POINT
162598 1273036659 7.040698571428571 50.94394185714284 #INTERPOLATE POINT
162598 1273036660 7.040435 50.944291 #LAST INTERPOLATE POINT
162598 1273036660 7.040435 50.944291 #NO INTERPOLATE
162598 1273036661 7.040171333333333 50.944721 #INTERPOLATE POINT
162598 1273036662 7.039907666666666 50.945151 #INTERPOLATE POINT
162598 1273036663 7.039644 50.945581 #LAST INTERPOLATE POINT
162598 1273036664 7.039488 50.945906 #INTERPOLATE POINT
162598 1273036665 7.039332000000001 50.946231000000004 #INTERPOLATE POINT
162598 1273036666 7.039176 50.946556 #LAST INTERPOLATE POINT
162598 1273036667 7.039015750000001 50.94693825 #INTERPOLATE POINT
162598 1273036668 7.0388555 50.947320500000004 #INTERPOLATE POINT
162598 1273036669 7.03869525 50.947702750000005 #INTERPOLATE POINT
162598 1273036670 7.038535 50.948085 #LAST INTERPOLATE POINT
162598 1273036670 7.038535 50.948085 #NO INTERPOLATE
162598 1273036671 7.0383898 50.9484721 #INTERPOLATE POINT
162598 1273036672 7.0382446 50.948859199999994 #INTERPOLATE POINT
162598 1273036673 7.038099399999999 50.94924629999999 #INTERPOLATE POINT
162598 1273036674 7.037954199999999 50.94963339999999 #INTERPOLATE POINT
162598 1273036675 7.037808999999998 50.95002049999999 #INTERPOLATE POINT
162598 1273036676 7.037663799999998 50.950407599999984 #INTERPOLATE POINT
162598 1273036677 7.037518599999998 50.95079469999998 #INTERPOLATE POINT
162598 1273036678 7.037373399999997 50.95118179999998 #INTERPOLATE POINT
162598 1273036679 7.037228199999997 50.95156889999998 #INTERPOLATE POINT
162598 1273036680 7.037083 50.951956 #LAST INTERPOLATE POINT
162598 1273036680 7.037083 50.951956 #NO INTERPOLATE
162598 1273036681 7.0369364 50.952342200000004 #INTERPOLATE POINT
162598 1273036682 7.0367898 50.952728400000005 #INTERPOLATE POINT
162598 1273036683 7.0366432 50.953114600000006 #INTERPOLATE POINT
162598 1273036684 7.0364966 50.95350080000001 #INTERPOLATE POINT
162598 1273036685 7.0363500000000005 50.95388700000001 #INTERPOLATE POINT
162598 1273036686 7.036203400000001 50.95427320000001 #INTERPOLATE POINT
162598 1273036687 7.036056800000001 50.95465940000001 #INTERPOLATE POINT
162598 1273036688 7.035910200000001 50.95504560000001 #INTERPOLATE POINT
162598 1273036689 7.035763600000001 50.955431800000014 #INTERPOLATE POINT
162598 1273036690 7.035617 50.955818 #LAST INTERPOLATE POINT
162598 1273036690 7.035617 50.955818 #NO INTERPOLATE
162598 1273036691 7.0354706 50.956204400000004 #INTERPOLATE POINT
162598 1273036692 7.0353242 50.9565908 #INTERPOLATE POINT
162598 1273036693 7.0351778 50.9569772 #INTERPOLATE POINT
162598 1273036694 7.035031399999999 50.957363599999994 #INTERPOLATE POINT
162598 1273036695 7.034884999999999 50.95774999999999 #INTERPOLATE POINT
162598 1273036696 7.034738599999999 50.95813639999999 #INTERPOLATE POINT
162598 1273036697 7.034592199999999 50.95852279999998 #INTERPOLATE POINT
162598 1273036698 7.0344457999999985 50.95890919999998 #INTERPOLATE POINT
162598 1273036699 7.034299399999998 50.959295599999976 #INTERPOLATE POINT
162598 1273036700 7.034153 50.959682 #LAST INTERPOLATE POINT
162598 1273036700 7.034153 50.959682 #NO INTERPOLATE
162598 1273036701 7.0340077999999995 50.9600571 #INTERPOLATE POINT
162598 1273036702 7.033862599999999 50.9604322 #INTERPOLATE POINT
162598 1273036703 7.033717399999999 50.9608073 #INTERPOLATE POINT
162598 1273036704 7.033572199999998 50.9611824 #INTERPOLATE POINT
162598 1273036705 7.033426999999998 50.9615575 #INTERPOLATE POINT
162598 1273036706 7.0332817999999975 50.9619326 #INTERPOLATE POINT
162598 1273036707 7.033136599999997 50.9623077 #INTERPOLATE POINT
162598 1273036708 7.032991399999997 50.962682799999996 #INTERPOLATE POINT
162598 1273036709 7.032846199999996 50.963057899999995 #INTERPOLATE POINT
162598 1273036710 7.032701 50.963433 #LAST INTERPOLATE POINT
162598 1273036710 7.032701 50.963433 #NO INTERPOLATE
162598 1273036711 7.0325594 50.9638006 #INTERPOLATE POINT
162598 1273036712 7.0324178 50.964168199999996 #INTERPOLATE POINT
162598 1273036713 7.0322762 50.96453579999999 #INTERPOLATE POINT
162598 1273036714 7.0321346 50.96490339999999 #INTERPOLATE POINT
162598 1273036715 7.031993 50.96527099999999 #INTERPOLATE POINT
162598 1273036716 7.0318514 50.965638599999984 #INTERPOLATE POINT
162598 1273036717 7.0317098 50.96600619999998 #INTERPOLATE POINT
162598 1273036718 7.0315682 50.96637379999998 #INTERPOLATE POINT
162598 1273036719 7.0314266 50.966741399999975 #INTERPOLATE POINT
162598 1273036720 7.031285 50.967109 #LAST INTERPOLATE POINT
162598 1273036720 7.031285 50.967109 #NO INTERPOLATE
162598 1273036721 7.0311344 50.9675015 #INTERPOLATE POINT
162598 1273036722 7.0309838000000004 50.967894 #INTERPOLATE POINT
162598 1273036723 7.030833200000001 50.968286500000005 #INTERPOLATE POINT
162598 1273036724 7.030682600000001 50.96867900000001 #INTERPOLATE POINT
162598 1273036725 7.030532000000002 50.96907150000001 #INTERPOLATE POINT
162598 1273036726 7.030381400000002 50.969464000000016 #INTERPOLATE POINT
162598 1273036727 7.030230800000003 50.96985650000002 #INTERPOLATE POINT
162598 1273036728 7.030080200000003 50.970249000000024 #INTERPOLATE POINT
162598 1273036729 7.0299296000000036 50.97064150000003 #INTERPOLATE POINT
162598 1273036730 7.029779 50.971034 #LAST INTERPOLATE POINT
162598 1273036730 7.029779 50.971034 #NO INTERPOLATE
162598 1273036731 7.029676200000001 50.971295500000004 #INTERPOLATE POINT
162598 1273036732 7.0295734 50.971557000000004 #INTERPOLATE POINT
162598 1273036733 7.0294706 50.971818500000005 #INTERPOLATE POINT
162598 1273036734 7.029367799999999 50.972080000000005 #INTERPOLATE POINT
162598 1273036735 7.029264999999999 50.972341500000006 #INTERPOLATE POINT
162598 1273036736 7.029162199999998 50.97260300000001 #INTERPOLATE POINT
162598 1273036737 7.029059399999998 50.97286450000001 #INTERPOLATE POINT
162598 1273036738 7.028956599999997 50.97312600000001 #INTERPOLATE POINT
162598 1273036739 7.028853799999997 50.97338750000001 #INTERPOLATE POINT
162598 1273036740 7.028751 50.973649 #LAST INTERPOLATE POINT
162598 1273036740 7.028751 50.973649 #NO INTERPOLATE
162598 1273036741 7.028611 50.9739225 #INTERPOLATE POINT
162598 1273036742 7.028471 50.974196 #LAST INTERPOLATE POINT
162598 1273036743 7.0283343333333335 50.97441466666667 #INTERPOLATE POINT
162598 1273036744 7.028197666666667 50.97463333333334 #INTERPOLATE POINT
162598 1273036745 7.028061 50.974852 #LAST INTERPOLATE POINT
162598 1273036746 7.027858 50.9751275 #INTERPOLATE POINT
162598 1273036747 7.027655 50.975403 #LAST INTERPOLATE POINT
162598 1273036748 7.027431 50.975663499999996 #INTERPOLATE POINT
162598 1273036749 7.027207 50.975924 #LAST INTERPOLATE POINT
162598 1273036750 7.027207 50.975924 #NO INTERPOLATE
162598 1273036750 7.0269968333333335 50.976119833333335 #INTERPOLATE POINT
162598 1273036751 7.026786666666667 50.97631566666667 #INTERPOLATE POINT
162598 1273036752 7.026576500000001 50.97651150000001 #INTERPOLATE POINT
162598 1273036753 7.026366333333335 50.976707333333344 #INTERPOLATE POINT
162598 1273036754 7.026156166666668 50.97690316666668 #INTERPOLATE POINT
162598 1273036755 7.025946 50.977099 #LAST INTERPOLATE POINT
162598 1273036756 7.0257382 50.9772552 #INTERPOLATE POINT
162598 1273036757 7.0255304 50.9774114 #INTERPOLATE POINT
162598 1273036758 7.0253226 50.9775676 #INTERPOLATE POINT
162598 1273036759 7.0251148 50.9777238 #INTERPOLATE POINT
162598 1273036760 7.024907 50.97788 #LAST INTERPOLATE POINT
162598 1273036760 7.024907 50.97788 #NO INTERPOLATE
162598 1273036761 7.024689333333333 50.97802866666667 #INTERPOLATE POINT
162598 1273036762 7.024471666666666 50.978177333333335 #INTERPOLATE POINT
162598 1273036763 7.024254 50.978326 #LAST INTERPOLATE POINT
162598 1273036764 7.024033714285714 50.97845957142857 #INTERPOLATE POINT
162598 1273036765 7.023813428571429 50.97859314285714 #INTERPOLATE POINT
162598 1273036766 7.023593142857143 50.97872671428571 #INTERPOLATE POINT
162598 1273036767 7.023372857142857 50.97886028571428 #INTERPOLATE POINT
162598 1273036768 7.023152571428572 50.978993857142854 #INTERPOLATE POINT
162598 1273036769 7.022932285714286 50.979127428571424 #INTERPOLATE POINT
162598 1273036770 7.022712 50.979261 #LAST INTERPOLATE POINT
162598 1273036770 7.022712 50.979261 #NO INTERPOLATE
162598 1273036771 7.0224892 50.979397500000005 #INTERPOLATE POINT
162598 1273036772 7.0222663999999995 50.979534 #INTERPOLATE POINT
162598 1273036773 7.022043599999999 50.9796705 #INTERPOLATE POINT
162598 1273036774 7.021820799999999 50.979806999999994 #INTERPOLATE POINT
162598 1273036775 7.021597999999998 50.97994349999999 #INTERPOLATE POINT
162598 1273036776 7.021375199999998 50.98007999999999 #INTERPOLATE POINT
162598 1273036777 7.021152399999997 50.98021649999998 #INTERPOLATE POINT
162598 1273036778 7.020929599999997 50.98035299999998 #INTERPOLATE POINT
162598 1273036779 7.020706799999997 50.980489499999976 #INTERPOLATE POINT
162598 1273036780 7.020484 50.980626 #LAST INTERPOLATE POINT
162598 1273036780 7.020484 50.980626 #NO INTERPOLATE
162598 1273036781 7.020227 50.9807905 #INTERPOLATE POINT
162598 1273036782 7.019970000000001 50.980954999999994 #INTERPOLATE POINT
162598 1273036783 7.019713000000001 50.98111949999999 #INTERPOLATE POINT
162598 1273036784 7.019456000000002 50.98128399999999 #INTERPOLATE POINT
162598 1273036785 7.019199000000002 50.981448499999985 #INTERPOLATE POINT
162598 1273036786 7.018942 50.981613 #LAST INTERPOLATE POINT
162598 1273036787 7.01873675 50.981773000000004 #INTERPOLATE POINT
162598 1273036788 7.0185315 50.981933000000005 #INTERPOLATE POINT
162598 1273036789 7.018326249999999 50.982093000000006 #INTERPOLATE POINT
162598 1273036790 7.018121 50.982253 #LAST INTERPOLATE POINT
162598 1273036790 7.018121 50.982253 #NO INTERPOLATE
162598 1273036791 7.017806 50.982538 #INTERPOLATE POINT
162598 1273036792 7.017491 50.982822999999996 #INTERPOLATE POINT
162598 1273036793 7.017175999999999 50.983107999999994 #INTERPOLATE POINT
162598 1273036794 7.016861 50.983393 #LAST INTERPOLATE POINT
162598 1273036795 7.016583 50.9836765 #INTERPOLATE POINT
162598 1273036796 7.016305 50.98396 #LAST INTERPOLATE POINT
162598 1273036797 7.0160925 50.984204000000005 #INTERPOLATE POINT
162598 1273036798 7.01588 50.984448 #INTERPOLATE POINT
162598 1273036799 7.0156675 50.984691999999995 #INTERPOLATE POINT
162598 1273036800 7.015455 50.984936 #LAST INTERPOLATE POINT
162598 1273036800 7.015455 50.984936 #NO INTERPOLATE
162598 1273036801 7.0151145 50.985358500000004 #INTERPOLATE POINT
162598 1273036802 7.014774 50.985781 #LAST INTERPOLATE POINT
162598 1273036803 7.014561 50.986102 #NO INTERPOLATE
162598 1273036803 7.0145495 50.98615625 #INTERPOLATE POINT
162598 1273036804 7.014325 50.9865315 #INTERPOLATE POINT
162598 1273036805 7.0141005000000005 50.986906749999996 #INTERPOLATE POINT
162598 1273036806 7.013876 50.987282 #LAST INTERPOLATE POINT
162598 1273036807 7.01371875 50.98759425 #INTERPOLATE POINT
162598 1273036808 7.0135615 50.9879065 #INTERPOLATE POINT
162598 1273036809 7.01340425 50.98821875 #INTERPOLATE POINT
162598 1273036810 7.013247 50.988531 #LAST INTERPOLATE POINT
162598 1273036810 7.013247 50.988531 #NO INTERPOLATE
162598 1273036811 7.013037 50.9890655 #INTERPOLATE POINT
162598 1273036812 7.012827 50.9896 #LAST INTERPOLATE POINT
162598 1273036813 7.0127405 50.989884 #INTERPOLATE POINT
162598 1273036814 7.012654 50.990168 #LAST INTERPOLATE POINT
162598 1273036815 7.012546333333334 50.990655 #INTERPOLATE POINT
162598 1273036816 7.012438666666667 50.991141999999996 #INTERPOLATE POINT
162598 1273036817 7.012331 50.991629 #LAST INTERPOLATE POINT
162598 1273036818 7.0122963333333335 50.99190933333333 #INTERPOLATE POINT
162598 1273036819 7.012261666666667 50.99218966666666 #INTERPOLATE POINT
162598 1273036820 7.012227 50.99247 #LAST INTERPOLATE POINT
162598 1273036820 7.012227 50.99247 #NO INTERPOLATE
162598 1273036821 7.0122230000000005 50.99287866666666 #INTERPOLATE POINT
162598 1273036822 7.012219000000001 50.99328733333333 #INTERPOLATE POINT
162598 1273036823 7.012215 50.993696 #LAST INTERPOLATE POINT
162598 1273036824 7.0122625 50.994258 #INTERPOLATE POINT
162598 1273036825 7.01231 50.99482 #LAST INTERPOLATE POINT
162598 1273036826 7.0123764 50.995143999999996 #INTERPOLATE POINT
162598 1273036827 7.0124428 50.995467999999995 #INTERPOLATE POINT
162598 1273036828 7.012509199999999 50.995791999999994 #INTERPOLATE POINT
162598 1273036829 7.012575599999999 50.996115999999994 #INTERPOLATE POINT
162598 1273036830 7.012642 50.99644 #LAST INTERPOLATE POINT
162598 1273036830 7.012642 50.99644 #NO INTERPOLATE
162598 1273036831 7.012730299999999 50.996833699999996 #INTERPOLATE POINT
162598 1273036832 7.012818599999999 50.9972274 #INTERPOLATE POINT
162598 1273036833 7.012906899999999 50.9976211 #INTERPOLATE POINT
162598 1273036834 7.012995199999999 50.99801480000001 #INTERPOLATE POINT
162598 1273036835 7.013083499999999 50.99840850000001 #INTERPOLATE POINT
162598 1273036836 7.0131717999999985 50.998802200000014 #INTERPOLATE POINT
162598 1273036837 7.013260099999998 50.99919590000002 #INTERPOLATE POINT
162598 1273036838 7.013348399999998 50.99958960000002 #INTERPOLATE POINT
162598 1273036839 7.013436699999998 50.999983300000025 #INTERPOLATE POINT
162598 1273036840 7.013525 51.000377 #LAST INTERPOLATE POINT
162598 1273036840 7.013525 51.000377 #NO INTERPOLATE
162598 1273036841 7.013618857142856 51.00081085714286 #INTERPOLATE POINT
162598 1273036842 7.013712714285713 51.00124471428572 #INTERPOLATE POINT
162598 1273036843 7.01380657142857 51.00167857142858 #INTERPOLATE POINT
162598 1273036844 7.013900428571427 51.00211242857144 #INTERPOLATE POINT
162598 1273036845 7.013994285714284 51.002546285714295 #INTERPOLATE POINT
162598 1273036846 7.01408814285714 51.002980142857155 #INTERPOLATE POINT
162598 1273036847 7.014182 51.003414 #LAST INTERPOLATE POINT
162598 1273036848 7.014234666666667 51.003713 #INTERPOLATE POINT
162598 1273036849 7.014287333333334 51.004011999999996 #INTERPOLATE POINT
162598 1273036850 7.01434 51.004311 #LAST INTERPOLATE POINT
162598 1273036850 7.01434 51.004311 #NO INTERPOLATE
162598 1273036851 7.014408666666666 51.004789 #INTERPOLATE POINT
162598 1273036852 7.014477333333333 51.005267 #INTERPOLATE POINT
162598 1273036853 7.014546 51.005745 #LAST INTERPOLATE POINT
162598 1273036854 7.014576 51.006142499999996 #INTERPOLATE POINT
162598 1273036855 7.014606 51.006539999999994 #INTERPOLATE POINT
162598 1273036856 7.014635999999999 51.00693749999999 #INTERPOLATE POINT
162598 1273036857 7.014666 51.007335 #LAST INTERPOLATE POINT
162598 1273036858 7.014671 51.007647666666664 #INTERPOLATE POINT
162598 1273036859 7.014676 51.00796033333333 #INTERPOLATE POINT
162598 1273036860 7.014681 51.008273 #LAST INTERPOLATE POINT
162598 1273036860 7.014681 51.008273 #NO INTERPOLATE
162598 1273036861 7.01469 51.008779 #NO INTERPOLATE
162598 1273036861 7.01466 51.008743800000005 #INTERPOLATE POINT
162598 1273036862 7.014639 51.00921460000001 #INTERPOLATE POINT
162598 1273036863 7.014618 51.00968540000001 #INTERPOLATE POINT
162598 1273036864 7.014596999999999 51.01015620000001 #INTERPOLATE POINT
162598 1273036865 7.014576 51.010627 #LAST INTERPOLATE POINT
162598 1273036866 7.0145333333333335 51.010974 #INTERPOLATE POINT
162598 1273036867 7.014490666666667 51.011320999999995 #INTERPOLATE POINT
162598 1273036868 7.014448 51.011668 #LAST INTERPOLATE POINT
162598 1273036869 7.014326 51.01224 #NO INTERPOLATE
162598 1273036869 7.014386999999999 51.011954 #INTERPOLATE POINT
162598 1273036870 7.014326 51.01224 #LAST INTERPOLATE POINT
162598 1273036871 7.014232333333333 51.01269466666667 #INTERPOLATE POINT
162598 1273036872 7.014138666666667 51.01314933333334 #INTERPOLATE POINT
162598 1273036873 7.014045 51.013604 #LAST INTERPOLATE POINT
162598 1273036874 7.013957571428572 51.01397071428571 #INTERPOLATE POINT
162598 1273036875 7.013870142857143 51.01433742857142 #INTERPOLATE POINT
162598 1273036876 7.013782714285714 51.014704142857134 #INTERPOLATE POINT
162598 1273036877 7.013695285714285 51.015070857142845 #INTERPOLATE POINT
162598 1273036878 7.013607857142857 51.015437571428556 #INTERPOLATE POINT
162598 1273036879 7.013520428571428 51.01580428571427 #INTERPOLATE POINT
162598 1273036880 7.013433 51.016171 #LAST INTERPOLATE POINT
162598 1273036880 7.013433 51.016171 #NO INTERPOLATE
162598 1273036881 7.0133434 51.0165673 #INTERPOLATE POINT
162598 1273036882 7.0132538 51.0169636 #INTERPOLATE POINT
162598 1273036883 7.0131642 51.017359899999995 #INTERPOLATE POINT
162598 1273036884 7.0130746 51.017756199999994 #INTERPOLATE POINT
162598 1273036885 7.0129850000000005 51.01815249999999 #INTERPOLATE POINT
162598 1273036886 7.012895400000001 51.01854879999999 #INTERPOLATE POINT
162598 1273036887 7.012805800000001 51.01894509999999 #INTERPOLATE POINT
162598 1273036888 7.012716200000001 51.01934139999999 #INTERPOLATE POINT
162598 1273036889 7.012626600000001 51.019737699999986 #INTERPOLATE POINT
162598 1273036890 7.012537 51.020134 #LAST INTERPOLATE POINT
162598 1273036890 7.012537 51.020134 #NO INTERPOLATE
162598 1273036891 7.012451 51.020525899999996 #INTERPOLATE POINT
162598 1273036892 7.012365000000001 51.02091779999999 #INTERPOLATE POINT
162598 1273036893 7.012279000000001 51.02130969999999 #INTERPOLATE POINT
162598 1273036894 7.012193000000002 51.021701599999986 #INTERPOLATE POINT
162598 1273036895 7.012107000000002 51.02209349999998 #INTERPOLATE POINT
162598 1273036896 7.0120210000000025 51.02248539999998 #INTERPOLATE POINT
162598 1273036897 7.011935000000003 51.022877299999976 #INTERPOLATE POINT
162598 1273036898 7.011849000000003 51.02326919999997 #INTERPOLATE POINT
162598 1273036899 7.011763000000004 51.02366109999997 #INTERPOLATE POINT
162598 1273036900 7.011677 51.024053 #LAST INTERPOLATE POINT
162598 1273036900 7.011677 51.024053 #NO INTERPOLATE
162598 1273036901 7.0115989 51.0244066 #INTERPOLATE POINT
162598 1273036902 7.0115208 51.024760199999996 #INTERPOLATE POINT
162598 1273036903 7.011442700000001 51.02511379999999 #INTERPOLATE POINT
162598 1273036904 7.011364600000001 51.02546739999999 #INTERPOLATE POINT
162598 1273036905 7.0112865000000015 51.025820999999986 #INTERPOLATE POINT
162598 1273036906 7.011208400000002 51.02617459999998 #INTERPOLATE POINT
162598 1273036907 7.011130300000002 51.02652819999998 #INTERPOLATE POINT
162598 1273036908 7.011052200000003 51.02688179999998 #INTERPOLATE POINT
162598 1273036909 7.010974100000003 51.027235399999974 #INTERPOLATE POINT
162598 1273036910 7.010896 51.027589 #LAST INTERPOLATE POINT
162598 1273036910 7.010896 51.027589 #NO INTERPOLATE
162598 1273036911 7.0108336 51.0278918 #INTERPOLATE POINT
162598 1273036912 7.0107712 51.0281946 #INTERPOLATE POINT
162598 1273036913 7.0107088 51.0284974 #INTERPOLATE POINT
162598 1273036914 7.0106464 51.0288002 #INTERPOLATE POINT
162598 1273036915 7.010584 51.029103 #INTERPOLATE POINT
162598 1273036916 7.0105216 51.0294058 #INTERPOLATE POINT
162598 1273036917 7.0104592 51.0297086 #INTERPOLATE POINT
162598 1273036918 7.0103968 51.0300114 #INTERPOLATE POINT
162598 1273036919 7.0103344 51.0303142 #INTERPOLATE POINT
162598 1273036920 7.010272 51.030617 #LAST INTERPOLATE POINT
162598 1273036921 7.010212407216494 51.03061586494845 #INTERPOLATE POINT
162598 1273036922 7.010152814432989 51.030614729896904 #INTERPOLATE POINT
162598 1273036923 7.010093221649484 51.030613594845356 #INTERPOLATE POINT
162598 1273036924 7.010033628865979 51.03061245979381 #INTERPOLATE POINT
162598 1273036925 7.009974036082474 51.03061132474226 #INTERPOLATE POINT
162598 1273036926 7.009914443298968 51.03061018969071 #INTERPOLATE POINT
162598 1273036927 7.009854850515463 51.030609054639164 #INTERPOLATE POINT
162598 1273036928 7.009795257731958 51.03060791958762 #INTERPOLATE POINT
162598 1273036929 7.009735664948453 51.03060678453607 #INTERPOLATE POINT
162598 1273036930 7.009676072164948 51.03060564948452 #INTERPOLATE POINT
162598 1273036931 7.009616479381442 51.03060451443297 #INTERPOLATE POINT
162598 1273036932 7.009556886597937 51.030603379381425 #INTERPOLATE POINT
162598 1273036933 7.009497293814432 51.03060224432988 #INTERPOLATE POINT
162598 1273036934 7.009437701030927 51.03060110927833 #INTERPOLATE POINT
162598 1273036935 7.009378108247422 51.03059997422678 #INTERPOLATE POINT
162598 1273036936 7.009318515463916 51.030598839175234 #INTERPOLATE POINT
162598 1273036937 7.009258922680411 51.030597704123686 #INTERPOLATE POINT
162598 1273036938 7.009199329896906 51.03059656907214 #INTERPOLATE POINT
162598 1273036939 7.009139737113401 51.03059543402059 #INTERPOLATE POINT
162598 1273036940 7.009080144329896 51.03059429896904 #INTERPOLATE POINT
162598 1273036941 7.00902055154639 51.030593163917494 #INTERPOLATE POINT
162598 1273036942 7.008960958762885 51.03059202886595 #INTERPOLATE POINT
162598 1273036943 7.00890136597938 51.0305908938144 #INTERPOLATE POINT
162598 1273036944 7.008841773195875 51.03058975876285 #INTERPOLATE POINT
162598 1273036945 7.0087821804123696 51.0305886237113 #INTERPOLATE POINT
162598 1273036946 7.008722587628864 51.030587488659755 #INTERPOLATE POINT
162598 1273036947 7.008662994845359 51.03058635360821 #INTERPOLATE POINT
162598 1273036948 7.008603402061854 51.03058521855666 #INTERPOLATE POINT
162598 1273036949 7.008543809278349 51.03058408350511 #INTERPOLATE POINT
162598 1273036950 7.0084842164948435 51.030582948453564 #INTERPOLATE POINT
162598 1273036951 7.008424623711338 51.030581813402016 #INTERPOLATE POINT
162598 1273036952 7.008365030927833 51.03058067835047 #INTERPOLATE POINT
162598 1273036953 7.008305438144328 51.03057954329892 #INTERPOLATE POINT
162598 1273036954 7.008245845360823 51.03057840824737 #INTERPOLATE POINT
162598 1273036955 7.0081862525773175 51.030577273195824 #INTERPOLATE POINT
162598 1273036956 7.008126659793812 51.030576138144276 #INTERPOLATE POINT
162598 1273036957 7.008067067010307 51.03057500309273 #INTERPOLATE POINT
162598 1273036958 7.008007474226802 51.03057386804118 #INTERPOLATE POINT
162598 1273036959 7.007947881443297 51.03057273298963 #INTERPOLATE POINT
162598 1273036960 7.0078882886597915 51.030571597938085 #INTERPOLATE POINT
162598 1273036961 7.007828695876286 51.03057046288654 #INTERPOLATE POINT
162598 1273036962 7.007769103092781 51.03056932783499 #INTERPOLATE POINT
162598 1273036963 7.007709510309276 51.03056819278344 #INTERPOLATE POINT
162598 1273036964 7.007649917525771 51.03056705773189 #INTERPOLATE POINT
162598 1273036965 7.0075903247422655 51.030565922680346 #INTERPOLATE POINT
162598 1273036966 7.00753073195876 51.0305647876288 #INTERPOLATE POINT
162598 1273036967 7.007471139175255 51.03056365257725 #INTERPOLATE POINT
162598 1273036968 7.00741154639175 51.0305625175257 #INTERPOLATE POINT
162598 1273036969 7.007351953608245 51.030561382474154 #INTERPOLATE POINT
162598 1273036970 7.0072923608247395 51.030560247422606 #INTERPOLATE POINT
162598 1273036971 7.007232768041234 51.03055911237106 #INTERPOLATE POINT
162598 1273036972 7.007173175257729 51.03055797731951 #INTERPOLATE POINT
162598 1273036973 7.007113582474224 51.03055684226796 #INTERPOLATE POINT
162598 1273036974 7.007053989690719 51.030555707216415 #INTERPOLATE POINT
162598 1273036975 7.0069943969072135 51.03055457216487 #INTERPOLATE POINT
162598 1273036976 7.006934804123708 51.03055343711332 #INTERPOLATE POINT
162598 1273036977 7.006875211340203 51.03055230206177 #INTERPOLATE POINT
162598 1273036978 7.006815618556698 51.03055116701022 #INTERPOLATE POINT
162598 1273036979 7.006756025773193 51.030550031958676 #INTERPOLATE POINT
162598 1273036980 7.0066964329896875 51.03054889690713 #INTERPOLATE POINT
162598 1273036981 7.006636840206182 51.03054776185558 #INTERPOLATE POINT
162598 1273036982 7.006577247422677 51.03054662680403 #INTERPOLATE POINT
162598 1273036983 7.006517654639172 51.030545491752484 #INTERPOLATE POINT
162598 1273036984 7.006458061855667 51.030544356700936 #INTERPOLATE POINT
162598 1273036985 7.0063984690721615 51.03054322164939 #INTERPOLATE POINT
162598 1273036986 7.006338876288656 51.03054208659784 #INTERPOLATE POINT
162598 1273036987 7.006279283505151 51.03054095154629 #INTERPOLATE POINT
162598 1273036988 7.006219690721646 51.030539816494745 #INTERPOLATE POINT
162598 1273036989 7.006160097938141 51.0305386814432 #INTERPOLATE POINT
162598 1273036990 7.0061005051546354 51.03053754639165 #INTERPOLATE POINT
162598 1273036991 7.00604091237113 51.0305364113401 #INTERPOLATE POINT
162598 1273036992 7.005981319587625 51.03053527628855 #INTERPOLATE POINT
162598 1273036993 7.00592172680412 51.030534141237005 #INTERPOLATE POINT
162598 1273036994 7.005862134020615 51.03053300618546 #INTERPOLATE POINT
162598 1273036995 7.005802541237109 51.03053187113391 #INTERPOLATE POINT
162598 1273036996 7.005742948453604 51.03053073608236 #INTERPOLATE POINT
162598 1273036997 7.005683355670099 51.030529601030814 #INTERPOLATE POINT
162598 1273036998 7.005623762886594 51.030528465979266 #INTERPOLATE POINT
162598 1273036999 7.005564170103089 51.03052733092772 #INTERPOLATE POINT
162598 1273037000 7.005504577319583 51.03052619587617 #INTERPOLATE POINT
162598 1273037001 7.005444984536078 51.03052506082462 #INTERPOLATE POINT
162598 1273037002 7.005385391752573 51.030523925773075 #INTERPOLATE POINT
162598 1273037003 7.005325798969068 51.03052279072153 #INTERPOLATE POINT
162598 1273037004 7.005266206185563 51.03052165566998 #INTERPOLATE POINT
162598 1273037005 7.005206613402057 51.03052052061843 #INTERPOLATE POINT
162598 1273037006 7.005147020618552 51.03051938556688 #INTERPOLATE POINT
162598 1273037007 7.005087427835047 51.030518250515335 #INTERPOLATE POINT
162598 1273037008 7.005027835051542 51.03051711546379 #INTERPOLATE POINT
162598 1273037009 7.004968242268037 51.03051598041224 #INTERPOLATE POINT
162598 1273037010 7.004908649484531 51.03051484536069 #INTERPOLATE POINT
162598 1273037011 7.004849056701026 51.030513710309144 #INTERPOLATE POINT
162598 1273037012 7.004789463917521 51.030512575257596 #INTERPOLATE POINT
162598 1273037013 7.004729871134016 51.03051144020605 #INTERPOLATE POINT
162598 1273037014 7.004670278350511 51.0305103051545 #INTERPOLATE POINT
162598 1273037015 7.004610685567005 51.03050917010295 #INTERPOLATE POINT
162598 1273037016 7.0045510927835 51.030508035051405 #INTERPOLATE POINT
162598 1273037017 7.004491499999995 51.03050689999986 #INTERPOLATE POINT
162598 1273037018 7.00443190721649 51.03050576494831 #INTERPOLATE POINT
162598 1273037019 7.004372314432985 51.03050462989676 #INTERPOLATE POINT
162598 1273037020 7.004312721649479 51.03050349484521 #INTERPOLATE POINT
162598 1273037021 7.004253128865974 51.030502359793665 #INTERPOLATE POINT
162598 1273037022 7.004193536082469 51.03050122474212 #INTERPOLATE POINT
162598 1273037023 7.004133943298964 51.03050008969057 #INTERPOLATE POINT
162598 1273037024 7.004074350515459 51.03049895463902 #INTERPOLATE POINT
162598 1273037025 7.004014757731953 51.030497819587474 #INTERPOLATE POINT
162598 1273037026 7.003955164948448 51.030496684535926 #INTERPOLATE POINT
162598 1273037027 7.003895572164943 51.03049554948438 #INTERPOLATE POINT
162598 1273037028 7.003835979381438 51.03049441443283 #INTERPOLATE POINT
162598 1273037029 7.003776386597933 51.03049327938128 #INTERPOLATE POINT
162598 1273037030 7.003716793814427 51.030492144329735 #INTERPOLATE POINT
162598 1273037031 7.003657201030922 51.03049100927819 #INTERPOLATE POINT
162598 1273037032 7.003597608247417 51.03048987422664 #INTERPOLATE POINT
162598 1273037033 7.003538015463912 51.03048873917509 #INTERPOLATE POINT
162598 1273037034 7.0034784226804065 51.03048760412354 #INTERPOLATE POINT
162598 1273037035 7.003418829896901 51.030486469071995 #INTERPOLATE POINT
162598 1273037036 7.003359237113396 51.03048533402045 #INTERPOLATE POINT
162598 1273037037 7.003299644329891 51.0304841989689 #INTERPOLATE POINT
162598 1273037038 7.003240051546386 51.03048306391735 #INTERPOLATE POINT
162598 1273037039 7.0031804587628805 51.030481928865804 #INTERPOLATE POINT
162598 1273037040 7.003120865979375 51.030480793814256 #INTERPOLATE POINT
162598 1273037041 7.00306127319587 51.03047965876271 #INTERPOLATE POINT
162598 1273037042 7.003001680412365 51.03047852371116 #INTERPOLATE POINT
162598 1273037043 7.00294208762886 51.03047738865961 #INTERPOLATE POINT
162598 1273037044 7.0028824948453545 51.030476253608064 #INTERPOLATE POINT
162598 1273037045 7.002822902061849 51.03047511855652 #INTERPOLATE POINT
162598 1273037046 7.002763309278344 51.03047398350497 #INTERPOLATE POINT
162598 1273037047 7.002703716494839 51.03047284845342 #INTERPOLATE POINT
162598 1273037048 7.002644123711334 51.03047171340187 #INTERPOLATE POINT
162598 1273037049 7.0025845309278285 51.030470578350325 #INTERPOLATE POINT
162598 1273037050 7.002524938144323 51.03046944329878 #INTERPOLATE POINT
162598 1273037051 7.002465345360818 51.03046830824723 #INTERPOLATE POINT
162598 1273037052 7.002405752577313 51.03046717319568 #INTERPOLATE POINT
162598 1273037053 7.002346159793808 51.030466038144134 #INTERPOLATE POINT
162598 1273037054 7.0022865670103025 51.030464903092586 #INTERPOLATE POINT
162598 1273037055 7.002226974226797 51.03046376804104 #INTERPOLATE POINT
162598 1273037056 7.002167381443292 51.03046263298949 #INTERPOLATE POINT
162598 1273037057 7.002107788659787 51.03046149793794 #INTERPOLATE POINT
162598 1273037058 7.002048195876282 51.030460362886394 #INTERPOLATE POINT
162598 1273037059 7.0019886030927765 51.03045922783485 #INTERPOLATE POINT
162598 1273037060 7.001929010309271 51.0304580927833 #INTERPOLATE POINT
162598 1273037061 7.001869417525766 51.03045695773175 #INTERPOLATE POINT
162598 1273037062 7.001809824742261 51.0304558226802 #INTERPOLATE POINT
162598 1273037063 7.001750231958756 51.030454687628655 #INTERPOLATE POINT
162598 1273037064 7.0016906391752505 51.03045355257711 #INTERPOLATE POINT
162598 1273037065 7.001631046391745 51.03045241752556 #INTERPOLATE POINT
162598 1273037066 7.00157145360824 51.03045128247401 #INTERPOLATE POINT
162598 1273037067 7.001511860824735 51.030450147422464 #INTERPOLATE POINT
162598 1273037068 7.00145226804123 51.030449012370916 #INTERPOLATE POINT
162598 1273037069 7.0013926752577245 51.03044787731937 #INTERPOLATE POINT
162598 1273037070 7.001333082474219 51.03044674226782 #INTERPOLATE POINT
162598 1273037071 7.001273489690714 51.03044560721627 #INTERPOLATE POINT
162598 1273037072 7.001213896907209 51.030444472164724 #INTERPOLATE POINT
162598 1273037073 7.001154304123704 51.03044333711318 #INTERPOLATE POINT
162598 1273037074 7.0010947113401985 51.03044220206163 #INTERPOLATE POINT
162598 1273037075 7.001035118556693 51.03044106701008 #INTERPOLATE POINT
162598 1273037076 7.000975525773188 51.03043993195853 #INTERPOLATE POINT
162598 1273037077 7.000915932989683 51.030438796906985 #INTERPOLATE POINT
162598 1273037078 7.000856340206178 51.03043766185544 #INTERPOLATE POINT
162598 1273037079 7.000796747422672 51.03043652680389 #INTERPOLATE POINT
162598 1273037080 7.000737154639167 51.03043539175234 #INTERPOLATE POINT
162598 1273037081 7.000677561855662 51.030434256700794 #INTERPOLATE POINT
162598 1273037082 7.000617969072157 51.030433121649246 #INTERPOLATE POINT
162598 1273037083 7.000558376288652 51.0304319865977 #INTERPOLATE POINT
162598 1273037084 7.000498783505146 51.03043085154615 #INTERPOLATE POINT
162598 1273037085 7.000439190721641 51.0304297164946 #INTERPOLATE POINT
162598 1273037086 7.000379597938136 51.030428581443054 #INTERPOLATE POINT
162598 1273037087 7.000320005154631 51.030427446391506 #INTERPOLATE POINT
162598 1273037088 7.000260412371126 51.03042631133996 #INTERPOLATE POINT
162598 1273037089 7.00020081958762 51.03042517628841 #INTERPOLATE POINT
162598 1273037090 7.000141226804115 51.03042404123686 #INTERPOLATE POINT
162598 1273037091 7.00008163402061 51.030422906185315 #INTERPOLATE POINT
162598 1273037092 7.000022041237105 51.03042177113377 #INTERPOLATE POINT
162598 1273037093 6.9999624484536 51.03042063608222 #INTERPOLATE POINT
162598 1273037094 6.999902855670094 51.03041950103067 #INTERPOLATE POINT
162598 1273037095 6.999843262886589 51.03041836597912 #INTERPOLATE POINT
162598 1273037096 6.999783670103084 51.030417230927576 #INTERPOLATE POINT
162598 1273037097 6.999724077319579 51.03041609587603 #INTERPOLATE POINT
162598 1273037098 6.999664484536074 51.03041496082448 #INTERPOLATE POINT
162598 1273037099 6.999604891752568 51.03041382577293 #INTERPOLATE POINT
162598 1273037100 6.999545298969063 51.030412690721384 #INTERPOLATE POINT
162598 1273037101 6.999485706185558 51.030411555669836 #INTERPOLATE POINT
162598 1273037102 6.999426113402053 51.03041042061829 #INTERPOLATE POINT
162598 1273037103 6.999366520618548 51.03040928556674 #INTERPOLATE POINT
162598 1273037104 6.999306927835042 51.03040815051519 #INTERPOLATE POINT
162598 1273037105 6.999247335051537 51.030407015463645 #INTERPOLATE POINT
162598 1273037106 6.999187742268032 51.0304058804121 #INTERPOLATE POINT
162598 1273037107 6.999128149484527 51.03040474536055 #INTERPOLATE POINT
162598 1273037108 6.999068556701022 51.030403610309 #INTERPOLATE POINT
162598 1273037109 6.999008963917516 51.03040247525745 #INTERPOLATE POINT
162598 1273037110 6.998949371134011 51.030401340205906 #INTERPOLATE POINT
162598 1273037111 6.998889778350506 51.03040020515436 #INTERPOLATE POINT
162598 1273037112 6.998830185567001 51.03039907010281 #INTERPOLATE POINT
162598 1273037113 6.998770592783496 51.03039793505126 #INTERPOLATE POINT
162598 1273037114 6.99871099999999 51.030396799999714 #INTERPOLATE POINT
162598 1273037115 6.998651407216485 51.030395664948166 #INTERPOLATE POINT
162598 1273037116 6.99859181443298 51.03039452989662 #INTERPOLATE POINT
162598 1273037117 6.998532221649475 51.03039339484507 #INTERPOLATE POINT
162598 1273037118 6.9984726288659695 51.03039225979352 #INTERPOLATE POINT
162598 1273037119 6.998413036082464 51.030391124741975 #INTERPOLATE POINT
162598 1273037120 6.998353443298959 51.03038998969043 #INTERPOLATE POINT
162598 1273037121 6.998293850515454 51.03038885463888 #INTERPOLATE POINT
162598 1273037122 6.998234257731949 51.03038771958733 #INTERPOLATE POINT
162598 1273037123 6.9981746649484435 51.03038658453578 #INTERPOLATE POINT
162598 1273037124 6.998115072164938 51.030385449484235 #INTERPOLATE POINT
162598 1273037125 6.998055479381433 51.03038431443269 #INTERPOLATE POINT
162598 1273037126 6.997995886597928 51.03038317938114 #INTERPOLATE POINT
162598 1273037127 6.997936293814423 51.03038204432959 #INTERPOLATE POINT
162598 1273037128 6.9978767010309175 51.030380909278044 #INTERPOLATE POINT
162598 1273037129 6.997817108247412 51.030379774226496 #INTERPOLATE POINT
162598 1273037130 6.997757515463907 51.03037863917495 #INTERPOLATE POINT
162598 1273037131 6.997697922680402 51.0303775041234 #INTERPOLATE POINT
162598 1273037132 6.997638329896897 51.03037636907185 #INTERPOLATE POINT
162598 1273037133 6.9975787371133915 51.030375234020305 #INTERPOLATE POINT
162598 1273037134 6.997519144329886 51.03037409896876 #INTERPOLATE POINT
162598 1273037135 6.997459551546381 51.03037296391721 #INTERPOLATE POINT
162598 1273037136 6.997399958762876 51.03037182886566 #INTERPOLATE POINT
162598 1273037137 6.997340365979371 51.03037069381411 #INTERPOLATE POINT
162598 1273037138 6.9972807731958655 51.030369558762565 #INTERPOLATE POINT
162598 1273037139 6.99722118041236 51.03036842371102 #INTERPOLATE POINT
162598 1273037140 6.997161587628855 51.03036728865947 #INTERPOLATE POINT
162598 1273037141 6.99710199484535 51.03036615360792 #INTERPOLATE POINT
162598 1273037142 6.997042402061845 51.030365018556374 #INTERPOLATE POINT
162598 1273037143 6.9969828092783395 51.030363883504826 #INTERPOLATE POINT
162598 1273037144 6.996923216494834 51.03036274845328 #INTERPOLATE POINT
162598 1273037145 6.996863623711329 51.03036161340173 #INTERPOLATE POINT
162598 1273037146 6.996804030927824 51.03036047835018 #INTERPOLATE POINT
162598 1273037147 6.996744438144319 51.030359343298635 #INTERPOLATE POINT
162598 1273037148 6.9966848453608135 51.03035820824709 #INTERPOLATE POINT
162598 1273037149 6.996625252577308 51.03035707319554 #INTERPOLATE POINT
162598 1273037150 6.996565659793803 51.03035593814399 #INTERPOLATE POINT
162598 1273037151 6.996506067010298 51.03035480309244 #INTERPOLATE POINT
162598 1273037152 6.996446474226793 51.030353668040895 #INTERPOLATE POINT
162598 1273037153 6.9963868814432875 51.03035253298935 #INTERPOLATE POINT
162598 1273037154 6.996327288659782 51.0303513979378 #INTERPOLATE POINT
162598 1273037155 6.996267695876277 51.03035026288625 #INTERPOLATE POINT
162598 1273037156 6.996208103092772 51.030349127834704 #INTERPOLATE POINT
162598 1273037157 6.996148510309267 51.030347992783156 #INTERPOLATE POINT
162598 1273037158 6.9960889175257615 51.03034685773161 #INTERPOLATE POINT
162598 1273037159 6.996029324742256 51.03034572268006 #INTERPOLATE POINT
162598 1273037160 6.995969731958751 51.03034458762851 #INTERPOLATE POINT
162598 1273037161 6.995910139175246 51.030343452576965 #INTERPOLATE POINT
162598 1273037162 6.995850546391741 51.03034231752542 #INTERPOLATE POINT
162598 1273037163 6.995790953608235 51.03034118247387 #INTERPOLATE POINT
162598 1273037164 6.99573136082473 51.03034004742232 #INTERPOLATE POINT
162598 1273037165 6.995671768041225 51.03033891237077 #INTERPOLATE POINT
162598 1273037166 6.99561217525772 51.030337777319225 #INTERPOLATE POINT
162598 1273037167 6.995552582474215 51.03033664226768 #INTERPOLATE POINT
162598 1273037168 6.995492989690709 51.03033550721613 #INTERPOLATE POINT
162598 1273037169 6.995433396907204 51.03033437216458 #INTERPOLATE POINT
162598 1273037170 6.995373804123699 51.030333237113034 #INTERPOLATE POINT
162598 1273037171 6.995314211340194 51.030332102061486 #INTERPOLATE POINT
162598 1273037172 6.995254618556689 51.03033096700994 #INTERPOLATE POINT
162598 1273037173 6.995195025773183 51.03032983195839 #INTERPOLATE POINT
162598 1273037174 6.995135432989678 51.03032869690684 #INTERPOLATE POINT
162598 1273037175 6.995075840206173 51.030327561855295 #INTERPOLATE POINT
162598 1273037176 6.995016247422668 51.03032642680375 #INTERPOLATE POINT
162598 1273037177 6.994956654639163 51.0303252917522 #INTERPOLATE POINT
162598 1273037178 6.994897061855657 51.03032415670065 #INTERPOLATE POINT
162598 1273037179 6.994837469072152 51.0303230216491 #INTERPOLATE POINT
162598 1273037180 6.994777876288647 51.030321886597555 #INTERPOLATE POINT
162598 1273037181 6.994718283505142 51.03032075154601 #INTERPOLATE POINT
162598 1273037182 6.994658690721637 51.03031961649446 #INTERPOLATE POINT
162598 1273037183 6.994599097938131 51.03031848144291 #INTERPOLATE POINT
162598 1273037184 6.994539505154626 51.030317346391364 #INTERPOLATE POINT
162598 1273037185 6.994479912371121 51.030316211339816 #INTERPOLATE POINT
162598 1273037186 6.994420319587616 51.03031507628827 #INTERPOLATE POINT
162598 1273037187 6.994360726804111 51.03031394123672 #INTERPOLATE POINT
162598 1273037188 6.994301134020605 51.03031280618517 #INTERPOLATE POINT
162598 1273037189 6.9942415412371 51.030311671133624 #INTERPOLATE POINT
162598 1273037190 6.994181948453595 51.03031053608208 #INTERPOLATE POINT
162598 1273037191 6.99412235567009 51.03030940103053 #INTERPOLATE POINT
162598 1273037192 6.994062762886585 51.03030826597898 #INTERPOLATE POINT
162598 1273037193 6.994003170103079 51.03030713092743 #INTERPOLATE POINT
162598 1273037194 6.993943577319574 51.030305995875885 #INTERPOLATE POINT
162598 1273037195 6.993883984536069 51.03030486082434 #INTERPOLATE POINT
162598 1273037196 6.993824391752564 51.03030372577279 #INTERPOLATE POINT
162598 1273037197 6.993764798969059 51.03030259072124 #INTERPOLATE POINT
162598 1273037198 6.993705206185553 51.030301455669694 #INTERPOLATE POINT
162598 1273037199 6.993645613402048 51.030300320618146 #INTERPOLATE POINT
162598 1273037200 6.993586020618543 51.0302991855666 #INTERPOLATE POINT
162598 1273037201 6.993526427835038 51.03029805051505 #INTERPOLATE POINT
162598 1273037202 6.9934668350515325 51.0302969154635 #INTERPOLATE POINT
162598 1273037203 6.993407242268027 51.030295780411954 #INTERPOLATE POINT
162598 1273037204 6.993347649484522 51.03029464536041 #INTERPOLATE POINT
162598 1273037205 6.993288056701017 51.03029351030886 #INTERPOLATE POINT
162598 1273037206 6.993228463917512 51.03029237525731 #INTERPOLATE POINT
162598 1273037207 6.9931688711340065 51.03029124020576 #INTERPOLATE POINT
162598 1273037208 6.993109278350501 51.030290105154215 #INTERPOLATE POINT
162598 1273037209 6.993049685566996 51.03028897010267 #INTERPOLATE POINT
162598 1273037210 6.992990092783491 51.03028783505112 #INTERPOLATE POINT
162598 1273037211 6.992930499999986 51.03028669999957 #INTERPOLATE POINT
162598 1273037212 6.9928709072164805 51.030285564948024 #INTERPOLATE POINT
162598 1273037213 6.992811314432975 51.030284429896476 #INTERPOLATE POINT
162598 1273037214 6.99275172164947 51.03028329484493 #INTERPOLATE POINT
162598 1273037215 6.992692128865965 51.03028215979338 #INTERPOLATE POINT
162598 1273037216 6.99263253608246 51.03028102474183 #INTERPOLATE POINT
162598 1273037217 6.9925729432989545 51.030279889690284 #INTERPOLATE POINT
162598 1273037218 6.992513350515449 51.030278754638736 #INTERPOLATE POINT
162598 1273037219 6.992453757731944 51.03027761958719 #INTERPOLATE POINT
162598 1273037220 6.992394164948439 51.03027648453564 #INTERPOLATE POINT
162598 1273037221 6.992334572164934 51.03027534948409 #INTERPOLATE POINT
162598 1273037222 6.9922749793814285 51.030274214432545 #INTERPOLATE POINT
162598 1273037223 6.992215386597923 51.030273079381 #INTERPOLATE POINT
162598 1273037224 6.992155793814418 51.03027194432945 #INTERPOLATE POINT
162598 1273037225 6.992096201030913 51.0302708092779 #INTERPOLATE POINT
162598 1273037226 6.992036608247408 51.03026967422635 #INTERPOLATE POINT
162598 1273037227 6.9919770154639025 51.030268539174806 #INTERPOLATE POINT
162598 1273037228 6.991917422680397 51.03026740412326 #INTERPOLATE POINT
162598 1273037229 6.991857829896892 51.03026626907171 #INTERPOLATE POINT
162598 1273037230 6.991798237113387 51.03026513402016 #INTERPOLATE POINT
162598 1273037231 6.991738644329882 51.030263998968614 #INTERPOLATE POINT
162598 1273037232 6.9916790515463765 51.030262863917066 #INTERPOLATE POINT
162598 1273037233 6.991619458762871 51.03026172886552 #INTERPOLATE POINT
162598 1273037234 6.991559865979366 51.03026059381397 #INTERPOLATE POINT
162598 1273037235 6.991500273195861 51.03025945876242 #INTERPOLATE POINT
162598 1273037236 6.991440680412356 51.030258323710875 #INTERPOLATE POINT
162598 1273037237 6.9913810876288505 51.03025718865933 #INTERPOLATE POINT
162598 1273037238 6.991321494845345 51.03025605360778 #INTERPOLATE POINT
162598 1273037239 6.99126190206184 51.03025491855623 #INTERPOLATE POINT
162598 1273037240 6.991202309278335 51.03025378350468 #INTERPOLATE POINT
162598 1273037241 6.99114271649483 51.030252648453136 #INTERPOLATE POINT
162598 1273037242 6.9910831237113245 51.03025151340159 #INTERPOLATE POINT
162598 1273037243 6.991023530927819 51.03025037835004 #INTERPOLATE POINT
162598 1273037244 6.990963938144314 51.03024924329849 #INTERPOLATE POINT
162598 1273037245 6.990904345360809 51.030248108246944 #INTERPOLATE POINT
162598 1273037246 6.990844752577304 51.030246973195396 #INTERPOLATE POINT
162598 1273037247 6.990785159793798 51.03024583814385 #INTERPOLATE POINT
162598 1273037248 6.990725567010293 51.0302447030923 #INTERPOLATE POINT
162598 1273037249 6.990665974226788 51.03024356804075 #INTERPOLATE POINT
162598 1273037250 6.990606381443283 51.030242432989205 #INTERPOLATE POINT
162598 1273037251 6.990546788659778 51.03024129793766 #INTERPOLATE POINT
162598 1273037252 6.990487195876272 51.03024016288611 #INTERPOLATE POINT
162598 1273037253 6.990427603092767 51.03023902783456 #INTERPOLATE POINT
162598 1273037254 6.990368010309262 51.03023789278301 #INTERPOLATE POINT
162598 1273037255 6.990308417525757 51.030236757731466 #INTERPOLATE POINT
162598 1273037256 6.990248824742252 51.03023562267992 #INTERPOLATE POINT
162598 1273037257 6.990189231958746 51.03023448762837 #INTERPOLATE POINT
162598 1273037258 6.990129639175241 51.03023335257682 #INTERPOLATE POINT
162598 1273037259 6.990070046391736 51.030232217525274 #INTERPOLATE POINT
162598 1273037260 6.990010453608231 51.030231082473726 #INTERPOLATE POINT
162598 1273037261 6.989950860824726 51.03022994742218 #INTERPOLATE POINT
162598 1273037262 6.98989126804122 51.03022881237063 #INTERPOLATE POINT
162598 1273037263 6.989831675257715 51.03022767731908 #INTERPOLATE POINT
162598 1273037264 6.98977208247421 51.030226542267535 #INTERPOLATE POINT
162598 1273037265 6.989712489690705 51.03022540721599 #INTERPOLATE POINT
162598 1273037266 6.9896528969072 51.03022427216444 #INTERPOLATE POINT
162598 1273037267 6.989593304123694 51.03022313711289 #INTERPOLATE POINT
162598 1273037268 6.989533711340189 51.03022200206134 #INTERPOLATE POINT
162598 1273037269 6.989474118556684 51.030220867009795 #INTERPOLATE POINT
162598 1273037270 6.989414525773179 51.03021973195825 #INTERPOLATE POINT
162598 1273037271 6.989354932989674 51.0302185969067 #INTERPOLATE POINT
162598 1273037272 6.989295340206168 51.03021746185515 #INTERPOLATE POINT
162598 1273037273 6.989235747422663 51.030216326803604 #INTERPOLATE POINT
162598 1273037274 6.989176154639158 51.030215191752056 #INTERPOLATE POINT
162598 1273037275 6.989116561855653 51.03021405670051 #INTERPOLATE POINT
162598 1273037276 6.989056969072148 51.03021292164896 #INTERPOLATE POINT
162598 1273037277 6.988997376288642 51.03021178659741 #INTERPOLATE POINT
162598 1273037278 6.988937783505137 51.030210651545865 #INTERPOLATE POINT
162598 1273037279 6.988878190721632 51.03020951649432 #INTERPOLATE POINT
162598 1273037280 6.988818597938127 51.03020838144277 #INTERPOLATE POINT
162598 1273037281 6.988759005154622 51.03020724639122 #INTERPOLATE POINT
162598 1273037282 6.988699412371116 51.03020611133967 #INTERPOLATE POINT
162598 1273037283 6.988639819587611 51.030204976288125 #INTERPOLATE POINT
162598 1273037284 6.988580226804106 51.03020384123658 #INTERPOLATE POINT
162598 1273037285 6.988520634020601 51.03020270618503 #INTERPOLATE POINT
162598 1273037286 6.9884610412370956 51.03020157113348 #INTERPOLATE POINT
162598 1273037287 6.98840144845359 51.030200436081934 #INTERPOLATE POINT
162598 1273037288 6.988341855670085 51.030199301030386 #INTERPOLATE POINT
162598 1273037289 6.98828226288658 51.03019816597884 #INTERPOLATE POINT
162598 1273037290 6.988222670103075 51.03019703092729 #INTERPOLATE POINT
162598 1273037291 6.9881630773195695 51.03019589587574 #INTERPOLATE POINT
162598 1273037292 6.988103484536064 51.030194760824195 #INTERPOLATE POINT
162598 1273037293 6.988043891752559 51.03019362577265 #INTERPOLATE POINT
162598 1273037294 6.987984298969054 51.0301924907211 #INTERPOLATE POINT
162598 1273037295 6.987924706185549 51.03019135566955 #INTERPOLATE POINT
162598 1273037296 6.9878651134020435 51.030190220618 #INTERPOLATE POINT
162598 1273037297 6.987805520618538 51.030189085566455 #INTERPOLATE POINT
162598 1273037298 6.987745927835033 51.03018795051491 #INTERPOLATE POINT
162598 1273037299 6.987686335051528 51.03018681546336 #INTERPOLATE POINT
162598 1273037300 6.987626742268023 51.03018568041181 #INTERPOLATE POINT
162598 1273037301 6.9875671494845175 51.030184545360264 #INTERPOLATE POINT
162598 1273037302 6.987507556701012 51.030183410308716 #INTERPOLATE POINT
162598 1273037303 6.987447963917507 51.03018227525717 #INTERPOLATE POINT
162598 1273037304 6.987388371134002 51.03018114020562 #INTERPOLATE POINT
162598 1273037305 6.987328778350497 51.03018000515407 #INTERPOLATE POINT
162598 1273037306 6.9872691855669915 51.030178870102525 #INTERPOLATE POINT
162598 1273037307 6.987209592783486 51.03017773505098 #INTERPOLATE POINT
162598 1273037308 6.987149999999981 51.03017659999943 #INTERPOLATE POINT
162598 1273037309 6.987090407216476 51.03017546494788 #INTERPOLATE POINT
162598 1273037310 6.987030814432971 51.03017432989633 #INTERPOLATE POINT
162598 1273037311 6.9869712216494655 51.030173194844785 #INTERPOLATE POINT
162598 1273037312 6.98691162886596 51.03017205979324 #INTERPOLATE POINT
162598 1273037313 6.986852036082455 51.03017092474169 #INTERPOLATE POINT
162598 1273037314 6.98679244329895 51.03016978969014 #INTERPOLATE POINT
162598 1273037315 6.986732850515445 51.030168654638594 #INTERPOLATE POINT
162598 1273037316 6.9866732577319395 51.030167519587046 #INTERPOLATE POINT
162598 1273037317 6.986613664948434 51.0301663845355 #INTERPOLATE POINT
162598 1273037318 6.986554072164929 51.03016524948395 #INTERPOLATE POINT
162598 1273037319 6.986494479381424 51.0301641144324 #INTERPOLATE POINT
162598 1273037320 6.986434886597919 51.030162979380854 #INTERPOLATE POINT
162598 1273037321 6.9863752938144135 51.03016184432931 #INTERPOLATE POINT
162598 1273037322 6.986315701030908 51.03016070927776 #INTERPOLATE POINT
162598 1273037323 6.986256108247403 51.03015957422621 #INTERPOLATE POINT
162598 1273037324 6.986196515463898 51.03015843917466 #INTERPOLATE POINT
162598 1273037325 6.986136922680393 51.030157304123115 #INTERPOLATE POINT
162598 1273037326 6.9860773298968875 51.03015616907157 #INTERPOLATE POINT
162598 1273037327 6.986017737113382 51.03015503402002 #INTERPOLATE POINT
162598 1273037328 6.985958144329877 51.03015389896847 #INTERPOLATE POINT
162598 1273037329 6.985898551546372 51.030152763916924 #INTERPOLATE POINT
162598 1273037330 6.985838958762867 51.030151628865376 #INTERPOLATE POINT
162598 1273037331 6.985779365979361 51.03015049381383 #INTERPOLATE POINT
162598 1273037332 6.985719773195856 51.03014935876228 #INTERPOLATE POINT
162598 1273037333 6.985660180412351 51.03014822371073 #INTERPOLATE POINT
162598 1273037334 6.985600587628846 51.030147088659184 #INTERPOLATE POINT
162598 1273037335 6.985540994845341 51.03014595360764 #INTERPOLATE POINT
162598 1273037336 6.985481402061835 51.03014481855609 #INTERPOLATE POINT
162598 1273037337 6.98542180927833 51.03014368350454 #INTERPOLATE POINT
162598 1273037338 6.985362216494825 51.03014254845299 #INTERPOLATE POINT
162598 1273037339 6.98530262371132 51.030141413401445 #INTERPOLATE POINT
162598 1273037340 6.985243030927815 51.0301402783499 #INTERPOLATE POINT
162598 1273037341 6.985183438144309 51.03013914329835 #INTERPOLATE POINT
162598 1273037342 6.985123845360804 51.0301380082468 #INTERPOLATE POINT
162598 1273037343 6.985064252577299 51.030136873195254 #INTERPOLATE POINT
162598 1273037344 6.985004659793794 51.030135738143706 #INTERPOLATE POINT
162598 1273037345 6.984945067010289 51.03013460309216 #INTERPOLATE POINT
162598 1273037346 6.984885474226783 51.03013346804061 #INTERPOLATE POINT
162598 1273037347 6.984825881443278 51.03013233298906 #INTERPOLATE POINT
162598 1273037348 6.984766288659773 51.030131197937514 #INTERPOLATE POINT
162598 1273037349 6.984706695876268 51.030130062885966 #INTERPOLATE POINT
162598 1273037350 6.984647103092763 51.03012892783442 #INTERPOLATE POINT
162598 1273037351 6.984587510309257 51.03012779278287 #INTERPOLATE POINT
162598 1273037352 6.984527917525752 51.03012665773132 #INTERPOLATE POINT
162598 1273037353 6.984468324742247 51.030125522679775 #INTERPOLATE POINT
162598 1273037354 6.984408731958742 51.03012438762823 #INTERPOLATE POINT
162598 1273037355 6.984349139175237 51.03012325257668 #INTERPOLATE POINT
162598 1273037356 6.984289546391731 51.03012211752513 #INTERPOLATE POINT
162598 1273037357 6.984229953608226 51.03012098247358 #INTERPOLATE POINT
162598 1273037358 6.984170360824721 51.030119847422036 #INTERPOLATE POINT
162598 1273037359 6.984110768041216 51.03011871237049 #INTERPOLATE POINT
162598 1273037360 6.984051175257711 51.03011757731894 #INTERPOLATE POINT
162598 1273037361 6.983991582474205 51.03011644226739 #INTERPOLATE POINT
162598 1273037362 6.9839319896907 51.030115307215844 #INTERPOLATE POINT
162598 1273037363 6.983872396907195 51.030114172164296 #INTERPOLATE POINT
162598 1273037364 6.98381280412369 51.03011303711275 #INTERPOLATE POINT
162598 1273037365 6.983753211340185 51.0301119020612 #INTERPOLATE POINT
162598 1273037366 6.983693618556679 51.03011076700965 #INTERPOLATE POINT
162598 1273037367 6.983634025773174 51.030109631958105 #INTERPOLATE POINT
162598 1273037368 6.983574432989669 51.03010849690656 #INTERPOLATE POINT
162598 1273037369 6.983514840206164 51.03010736185501 #INTERPOLATE POINT
162598 1273037370 6.9834552474226586 51.03010622680346 #INTERPOLATE POINT
162598 1273037371 6.983395654639153 51.03010509175191 #INTERPOLATE POINT
162598 1273037372 6.983336061855648 51.030103956700366 #INTERPOLATE POINT
162598 1273037373 6.983276469072143 51.03010282164882 #INTERPOLATE POINT
162598 1273037374 6.983216876288638 51.03010168659727 #INTERPOLATE POINT
162598 1273037375 6.9831572835051325 51.03010055154572 #INTERPOLATE POINT
162598 1273037376 6.983097690721627 51.030099416494174 #INTERPOLATE POINT
162598 1273037377 6.983038097938122 51.030098281442626 #INTERPOLATE POINT
162598 1273037378 6.982978505154617 51.03009714639108 #INTERPOLATE POINT
162598 1273037379 6.982918912371112 51.03009601133953 #INTERPOLATE POINT
162598 1273037380 6.9828593195876065 51.03009487628798 #INTERPOLATE POINT
162598 1273037381 6.982799726804101 51.030093741236435 #INTERPOLATE POINT
162598 1273037382 6.982740134020596 51.03009260618489 #INTERPOLATE POINT
162598 1273037383 6.982680541237091 51.03009147113334 #INTERPOLATE POINT
162598 1273037384 6.982620948453586 51.03009033608179 #INTERPOLATE POINT
162598 1273037385 6.9825613556700805 51.03008920103024 #INTERPOLATE POINT
162598 1273037386 6.982501762886575 51.030088065978696 #INTERPOLATE POINT
162598 1273037387 6.98244217010307 51.03008693092715 #INTERPOLATE POINT
162598 1273037388 6.982382577319565 51.0300857958756 #INTERPOLATE POINT
162598 1273037389 6.98232298453606 51.03008466082405 #INTERPOLATE POINT
162598 1273037390 6.9822633917525545 51.030083525772504 #INTERPOLATE POINT
162598 1273037391 6.982203798969049 51.030082390720956 #INTERPOLATE POINT
162598 1273037392 6.982144206185544 51.03008125566941 #INTERPOLATE POINT
162598 1273037393 6.982084613402039 51.03008012061786 #INTERPOLATE POINT
162598 1273037394 6.982025020618534 51.03007898556631 #INTERPOLATE POINT
162598 1273037395 6.9819654278350285 51.030077850514765 #INTERPOLATE POINT
162598 1273037396 6.981905835051523 51.03007671546322 #INTERPOLATE POINT
162598 1273037397 6.981846242268018 51.03007558041167 #INTERPOLATE POINT
162598 1273037398 6.981786649484513 51.03007444536012 #INTERPOLATE POINT
162598 1273037399 6.981727056701008 51.03007331030857 #INTERPOLATE POINT
162598 1273037400 6.9816674639175025 51.030072175257025 #INTERPOLATE POINT
162598 1273037401 6.981607871133997 51.03007104020548 #INTERPOLATE POINT
162598 1273037402 6.981548278350492 51.03006990515393 #INTERPOLATE POINT
162598 1273037403 6.981488685566987 51.03006877010238 #INTERPOLATE POINT
162598 1273037404 6.981429092783482 51.030067635050834 #INTERPOLATE POINT
162598 1273037405 6.9813694999999765 51.030066499999286 #INTERPOLATE POINT
162598 1273037406 6.981309907216471 51.03006536494774 #INTERPOLATE POINT
162598 1273037407 6.981250314432966 51.03006422989619 #INTERPOLATE POINT
162598 1273037408 6.981190721649461 51.03006309484464 #INTERPOLATE POINT
162598 1273037409 6.981131128865956 51.030061959793095 #INTERPOLATE POINT
162598 1273037410 6.9810715360824505 51.03006082474155 #INTERPOLATE POINT
162598 1273037411 6.981011943298945 51.03005968969 #INTERPOLATE POINT
162598 1273037412 6.98095235051544 51.03005855463845 #INTERPOLATE POINT
162598 1273037413 6.980892757731935 51.0300574195869 #INTERPOLATE POINT
162598 1273037414 6.98083316494843 51.030056284535355 #INTERPOLATE POINT
162598 1273037415 6.9807735721649244 51.03005514948381 #INTERPOLATE POINT
162598 1273037416 6.980713979381419 51.03005401443226 #INTERPOLATE POINT
162598 1273037417 6.980654386597914 51.03005287938071 #INTERPOLATE POINT
162598 1273037418 6.980594793814409 51.030051744329164 #INTERPOLATE POINT
162598 1273037419 6.980535201030904 51.030050609277616 #INTERPOLATE POINT
162598 1273037420 6.980475608247398 51.03004947422607 #INTERPOLATE POINT
162598 1273037421 6.980416015463893 51.03004833917452 #INTERPOLATE POINT
162598 1273037422 6.980356422680388 51.03004720412297 #INTERPOLATE POINT
162598 1273037423 6.980296829896883 51.030046069071425 #INTERPOLATE POINT
162598 1273037424 6.980237237113378 51.03004493401988 #INTERPOLATE POINT
162598 1273037425 6.980177644329872 51.03004379896833 #INTERPOLATE POINT
162598 1273037426 6.980118051546367 51.03004266391678 #INTERPOLATE POINT
162598 1273037427 6.980058458762862 51.03004152886523 #INTERPOLATE POINT
162598 1273037428 6.979998865979357 51.030040393813685 #INTERPOLATE POINT
162598 1273037429 6.979939273195852 51.03003925876214 #INTERPOLATE POINT
162598 1273037430 6.979879680412346 51.03003812371059 #INTERPOLATE POINT
162598 1273037431 6.979820087628841 51.03003698865904 #INTERPOLATE POINT
162598 1273037432 6.979760494845336 51.030035853607494 #INTERPOLATE POINT
162598 1273037433 6.979700902061831 51.030034718555946 #INTERPOLATE POINT
162598 1273037434 6.979641309278326 51.0300335835044 #INTERPOLATE POINT
162598 1273037435 6.97958171649482 51.03003244845285 #INTERPOLATE POINT
162598 1273037436 6.979522123711315 51.0300313134013 #INTERPOLATE POINT
162598 1273037437 6.97946253092781 51.030030178349755 #INTERPOLATE POINT
162598 1273037438 6.979402938144305 51.03002904329821 #INTERPOLATE POINT
162598 1273037439 6.9793433453608 51.03002790824666 #INTERPOLATE POINT
162598 1273037440 6.979283752577294 51.03002677319511 #INTERPOLATE POINT
162598 1273037441 6.979224159793789 51.03002563814356 #INTERPOLATE POINT
162598 1273037442 6.979164567010284 51.030024503092015 #INTERPOLATE POINT
162598 1273037443 6.979104974226779 51.03002336804047 #INTERPOLATE POINT
162598 1273037444 6.979045381443274 51.03002223298892 #INTERPOLATE POINT
162598 1273037445 6.978985788659768 51.03002109793737 #INTERPOLATE POINT
162598 1273037446 6.978926195876263 51.030019962885824 #INTERPOLATE POINT
162598 1273037447 6.978866603092758 51.030018827834276 #INTERPOLATE POINT
162598 1273037448 6.978807010309253 51.03001769278273 #INTERPOLATE POINT
162598 1273037449 6.978747417525748 51.03001655773118 #INTERPOLATE POINT
162598 1273037450 6.978687824742242 51.03001542267963 #INTERPOLATE POINT
162598 1273037451 6.978628231958737 51.030014287628084 #INTERPOLATE POINT
162598 1273037452 6.978568639175232 51.03001315257654 #INTERPOLATE POINT
162598 1273037453 6.978509046391727 51.03001201752499 #INTERPOLATE POINT
162598 1273037454 6.9784494536082216 51.03001088247344 #INTERPOLATE POINT
162598 1273037455 6.978389860824716 51.03000974742189 #INTERPOLATE POINT
162598 1273037456 6.978330268041211 51.030008612370345 #INTERPOLATE POINT
162598 1273037457 6.978270675257706 51.0300074773188 #INTERPOLATE POINT
162598 1273037458 6.978211082474201 51.03000634226725 #INTERPOLATE POINT
162598 1273037459 6.9781514896906955 51.0300052072157 #INTERPOLATE POINT
162598 1273037460 6.97809189690719 51.030004072164154 #INTERPOLATE POINT
162598 1273037461 6.978032304123685 51.030002937112606 #INTERPOLATE POINT
162598 1273037462 6.97797271134018 51.03000180206106 #INTERPOLATE POINT
162598 1273037463 6.977913118556675 51.03000066700951 #INTERPOLATE POINT
162598 1273037464 6.9778535257731695 51.02999953195796 #INTERPOLATE POINT
162598 1273037465 6.977793932989664 51.029998396906414 #INTERPOLATE POINT
162598 1273037466 6.977734340206159 51.02999726185487 #INTERPOLATE POINT
162598 1273037467 6.977674747422654 51.02999612680332 #INTERPOLATE POINT
162598 1273037468 6.977615154639149 51.02999499175177 #INTERPOLATE POINT
162598 1273037469 6.9775555618556435 51.02999385670022 #INTERPOLATE POINT
162598 1273037470 6.977495969072138 51.029992721648675 #INTERPOLATE POINT
162598 1273037471 6.977436376288633 51.02999158659713 #INTERPOLATE POINT
162598 1273037472 6.977376783505128 51.02999045154558 #INTERPOLATE POINT
162598 1273037473 6.977317190721623 51.02998931649403 #INTERPOLATE POINT
162598 1273037474 6.9772575979381175 51.029988181442484 #INTERPOLATE POINT
162598 1273037475 6.977198005154612 51.029987046390936 #INTERPOLATE POINT
162598 1273037476 6.977138412371107 51.02998591133939 #INTERPOLATE POINT
162598 1273037477 6.977078819587602 51.02998477628784 #INTERPOLATE POINT
162598 1273037478 6.977019226804097 51.02998364123629 #INTERPOLATE POINT
162598 1273037479 6.9769596340205915 51.029982506184744 #INTERPOLATE POINT
162598 1273037480 6.976900041237086 51.029981371133196 #INTERPOLATE POINT
162598 1273037481 6.976840448453581 51.02998023608165 #INTERPOLATE POINT
162598 1273037482 6.976780855670076 51.0299791010301 #INTERPOLATE POINT
162598 1273037483 6.976721262886571 51.02997796597855 #INTERPOLATE POINT
162598 1273037484 6.9766616701030655 51.029976830927005 #INTERPOLATE POINT
162598 1273037485 6.97660207731956 51.02997569587546 #INTERPOLATE POINT
162598 1273037486 6.976542484536055 51.02997456082391 #INTERPOLATE POINT
162598 1273037487 6.97648289175255 51.02997342577236 #INTERPOLATE POINT
162598 1273037488 6.976423298969045 51.02997229072081 #INTERPOLATE POINT
162598 1273037489 6.9763637061855395 51.029971155669266 #INTERPOLATE POINT
162598 1273037490 6.976304113402034 51.02997002061772 #INTERPOLATE POINT
162598 1273037491 6.976244520618529 51.02996888556617 #INTERPOLATE POINT
162598 1273037492 6.976184927835024 51.02996775051462 #INTERPOLATE POINT
162598 1273037493 6.976125335051519 51.029966615463074 #INTERPOLATE POINT
162598 1273037494 6.9760657422680135 51.029965480411526 #INTERPOLATE POINT
162598 1273037495 6.976006149484508 51.02996434535998 #INTERPOLATE POINT
162598 1273037496 6.975946556701003 51.02996321030843 #INTERPOLATE POINT
162598 1273037497 6.975886963917498 51.02996207525688 #INTERPOLATE POINT
162598 1273037498 6.975827371133993 51.029960940205335 #INTERPOLATE POINT
162598 1273037499 6.9757677783504874 51.02995980515379 #INTERPOLATE POINT
162598 1273037500 6.975708185566982 51.02995867010224 #INTERPOLATE POINT
162598 1273037501 6.975648592783477 51.02995753505069 #INTERPOLATE POINT
162598 1273037502 6.975588999999972 51.02995639999914 #INTERPOLATE POINT
162598 1273037503 6.975529407216467 51.029955264947596 #INTERPOLATE POINT
162598 1273037504 6.975469814432961 51.02995412989605 #INTERPOLATE POINT
162598 1273037505 6.975410221649456 51.0299529948445 #INTERPOLATE POINT
162598 1273037506 6.975350628865951 51.02995185979295 #INTERPOLATE POINT
162598 1273037507 6.975291036082446 51.029950724741404 #INTERPOLATE POINT
162598 1273037508 6.975231443298941 51.029949589689856 #INTERPOLATE POINT
162598 1273037509 6.975171850515435 51.02994845463831 #INTERPOLATE POINT
162598 1273037510 6.97511225773193 51.02994731958676 #INTERPOLATE POINT
162598 1273037511 6.975052664948425 51.02994618453521 #INTERPOLATE POINT
162598 1273037512 6.97499307216492 51.029945049483665 #INTERPOLATE POINT
162598 1273037513 6.974933479381415 51.02994391443212 #INTERPOLATE POINT
162598 1273037514 6.974873886597909 51.02994277938057 #INTERPOLATE POINT
162598 1273037515 6.974814293814404 51.02994164432902 #INTERPOLATE POINT
162598 1273037516 6.974754701030899 51.02994050927747 #INTERPOLATE POINT
162598 1273037517 6.974695108247394 51.029939374225926 #INTERPOLATE POINT
162598 1273037518 6.974635515463889 51.02993823917438 #INTERPOLATE POINT
162598 1273037519 6.974575922680383 51.02993710412283 #INTERPOLATE POINT
162598 1273037520 6.974516329896878 51.02993596907128 #INTERPOLATE POINT
162598 1273037521 6.974456737113373 51.029934834019734 #INTERPOLATE POINT
162598 1273037522 6.974397144329868 51.029933698968186 #INTERPOLATE POINT
162598 1273037523 6.974337551546363 51.02993256391664 #INTERPOLATE POINT
162598 1273037524 6.974277958762857 51.02993142886509 #INTERPOLATE POINT
162598 1273037525 6.974218365979352 51.02993029381354 #INTERPOLATE POINT
162598 1273037526 6.974158773195847 51.029929158761995 #INTERPOLATE POINT
162598 1273037527 6.974099180412342 51.02992802371045 #INTERPOLATE POINT
162598 1273037528 6.974039587628837 51.0299268886589 #INTERPOLATE POINT
162598 1273037529 6.973979994845331 51.02992575360735 #INTERPOLATE POINT
162598 1273037530 6.973920402061826 51.0299246185558 #INTERPOLATE POINT
162598 1273037531 6.973860809278321 51.029923483504255 #INTERPOLATE POINT
162598 1273037532 6.973801216494816 51.02992234845271 #INTERPOLATE POINT
162598 1273037533 6.973741623711311 51.02992121340116 #INTERPOLATE POINT
162598 1273037534 6.973682030927805 51.02992007834961 #INTERPOLATE POINT
162598 1273037535 6.9736224381443 51.029918943298064 #INTERPOLATE POINT
162598 1273037536 6.973562845360795 51.029917808246516 #INTERPOLATE POINT
162598 1273037537 6.97350325257729 51.02991667319497 #INTERPOLATE POINT
162598 1273037538 6.9734436597937846 51.02991553814342 #INTERPOLATE POINT
162598 1273037539 6.973384067010279 51.02991440309187 #INTERPOLATE POINT
162598 1273037540 6.973324474226774 51.029913268040325 #INTERPOLATE POINT
162598 1273037541 6.973264881443269 51.02991213298878 #INTERPOLATE POINT
162598 1273037542 6.973205288659764 51.02991099793723 #INTERPOLATE POINT
162598 1273037543 6.9731456958762585 51.02990986288568 #INTERPOLATE POINT
162598 1273037544 6.973086103092753 51.02990872783413 #INTERPOLATE POINT
162598 1273037545 6.973026510309248 51.029907592782585 #INTERPOLATE POINT
162598 1273037546 6.972966917525743 51.02990645773104 #INTERPOLATE POINT
162598 1273037547 6.972907324742238 51.02990532267949 #INTERPOLATE POINT
162598 1273037548 6.9728477319587325 51.02990418762794 #INTERPOLATE POINT
162598 1273037549 6.972788139175227 51.029903052576394 #INTERPOLATE POINT
162598 1273037550 6.972728546391722 51.029901917524846 #INTERPOLATE POINT
162598 1273037551 6.972668953608217 51.0299007824733 #INTERPOLATE POINT
162598 1273037552 6.972609360824712 51.02989964742175 #INTERPOLATE POINT
162598 1273037553 6.9725497680412065 51.0298985123702 #INTERPOLATE POINT
162598 1273037554 6.972490175257701 51.029897377318655 #INTERPOLATE POINT
162598 1273037555 6.972430582474196 51.02989624226711 #INTERPOLATE POINT
162598 1273037556 6.972370989690691 51.02989510721556 #INTERPOLATE POINT
162598 1273037557 6.972311396907186 51.02989397216401 #INTERPOLATE POINT
162598 1273037558 6.9722518041236805 51.02989283711246 #INTERPOLATE POINT
162598 1273037559 6.972192211340175 51.029891702060915 #INTERPOLATE POINT
162598 1273037560 6.97213261855667 51.02989056700937 #INTERPOLATE POINT
162598 1273037561 6.972073025773165 51.02988943195782 #INTERPOLATE POINT
162598 1273037562 6.97201343298966 51.02988829690627 #INTERPOLATE POINT
162598 1273037563 6.9719538402061545 51.029887161854724 #INTERPOLATE POINT
162598 1273037564 6.971894247422649 51.029886026803176 #INTERPOLATE POINT
162598 1273037565 6.971834654639144 51.02988489175163 #INTERPOLATE POINT
162598 1273037566 6.971775061855639 51.02988375670008 #INTERPOLATE POINT
162598 1273037567 6.971715469072134 51.02988262164853 #INTERPOLATE POINT
162598 1273037568 6.9716558762886285 51.029881486596985 #INTERPOLATE POINT
162598 1273037569 6.971596283505123 51.02988035154544 #INTERPOLATE POINT
162598 1273037570 6.971536690721618 51.02987921649389 #INTERPOLATE POINT
162598 1273037571 6.971477097938113 51.02987808144234 #INTERPOLATE POINT
162598 1273037572 6.971417505154608 51.02987694639079 #INTERPOLATE POINT
162598 1273037573 6.9713579123711025 51.029875811339245 #INTERPOLATE POINT
162598 1273037574 6.971298319587597 51.0298746762877 #INTERPOLATE POINT
162598 1273037575 6.971238726804092 51.02987354123615 #INTERPOLATE POINT
162598 1273037576 6.971179134020587 51.0298724061846 #INTERPOLATE POINT
162598 1273037577 6.971119541237082 51.029871271133054 #INTERPOLATE POINT
162598 1273037578 6.9710599484535765 51.029870136081506 #INTERPOLATE POINT
162598 1273037579 6.971000355670071 51.02986900102996 #INTERPOLATE POINT
162598 1273037580 6.970940762886566 51.02986786597841 #INTERPOLATE POINT
162598 1273037581 6.970881170103061 51.02986673092686 #INTERPOLATE POINT
162598 1273037582 6.970821577319556 51.029865595875314 #INTERPOLATE POINT
162598 1273037583 6.9707619845360504 51.02986446082377 #INTERPOLATE POINT
162598 1273037584 6.970702391752545 51.02986332577222 #INTERPOLATE POINT
162598 1273037585 6.97064279896904 51.02986219072067 #INTERPOLATE POINT
162598 1273037586 6.970583206185535 51.02986105566912 #INTERPOLATE POINT
162598 1273037587 6.97052361340203 51.029859920617575 #INTERPOLATE POINT
162598 1273037588 6.970464020618524 51.02985878556603 #INTERPOLATE POINT
162598 1273037589 6.970404427835019 51.02985765051448 #INTERPOLATE POINT
162598 1273037590 6.970344835051514 51.02985651546293 #INTERPOLATE POINT
162598 1273037591 6.970285242268009 51.029855380411384 #INTERPOLATE POINT
162598 1273037592 6.970225649484504 51.029854245359836 #INTERPOLATE POINT
162598 1273037593 6.970166056700998 51.02985311030829 #INTERPOLATE POINT
162598 1273037594 6.970106463917493 51.02985197525674 #INTERPOLATE POINT
162598 1273037595 6.970046871133988 51.02985084020519 #INTERPOLATE POINT
162598 1273037596 6.969987278350483 51.029849705153644 #INTERPOLATE POINT
162598 1273037597 6.969927685566978 51.0298485701021 #INTERPOLATE POINT
162598 1273037598 6.969868092783472 51.02984743505055 #INTERPOLATE POINT
162598 1273037599 6.969808499999967 51.029846299999 #INTERPOLATE POINT
162598 1273037600 6.969748907216462 51.02984516494745 #INTERPOLATE POINT
162598 1273037601 6.969689314432957 51.029844029895905 #INTERPOLATE POINT
162598 1273037602 6.969629721649452 51.02984289484436 #INTERPOLATE POINT
162598 1273037603 6.969570128865946 51.02984175979281 #INTERPOLATE POINT
162598 1273037604 6.969510536082441 51.02984062474126 #INTERPOLATE POINT
162598 1273037605 6.969450943298936 51.029839489689714 #INTERPOLATE POINT
162598 1273037606 6.969391350515431 51.029838354638166 #INTERPOLATE POINT
162598 1273037607 6.969331757731926 51.02983721958662 #INTERPOLATE POINT
162598 1273037608 6.96927216494842 51.02983608453507 #INTERPOLATE POINT
162598 1273037609 6.969212572164915 51.02983494948352 #INTERPOLATE POINT
162598 1273037610 6.96915297938141 51.029833814431974 #INTERPOLATE POINT
162598 1273037611 6.969093386597905 51.029832679380426 #INTERPOLATE POINT
162598 1273037612 6.9690337938144 51.02983154432888 #INTERPOLATE POINT
162598 1273037613 6.968974201030894 51.02983040927733 #INTERPOLATE POINT
162598 1273037614 6.968914608247389 51.02982927422578 #INTERPOLATE POINT
162598 1273037615 6.968855015463884 51.029828139174235 #INTERPOLATE POINT
162598 1273037616 6.968795422680379 51.02982700412269 #INTERPOLATE POINT
162598 1273037617 6.968735829896874 51.02982586907114 #INTERPOLATE POINT
162598 1273037618 6.968676237113368 51.02982473401959 #INTERPOLATE POINT
162598 1273037619 6.968616644329863 51.02982359896804 #INTERPOLATE POINT
162598 1273037620 6.968557051546358 51.029822463916496 #INTERPOLATE POINT
162598 1273037621 6.968497458762853 51.02982132886495 #INTERPOLATE POINT
162598 1273037622 6.968437865979348 51.0298201938134 #INTERPOLATE POINT
162598 1273037623 6.968378273195842 51.02981905876185 #INTERPOLATE POINT
162598 1273037624 6.968318680412337 51.029817923710304 #INTERPOLATE POINT
162598 1273037625 6.968259087628832 51.029816788658756 #INTERPOLATE POINT
162598 1273037626 6.968199494845327 51.02981565360721 #INTERPOLATE POINT
162598 1273037627 6.9681399020618215 51.02981451855566 #INTERPOLATE POINT
162598 1273037628 6.968080309278316 51.02981338350411 #INTERPOLATE POINT
162598 1273037629 6.968020716494811 51.029812248452565 #INTERPOLATE POINT
162598 1273037630 6.967961123711306 51.02981111340102 #INTERPOLATE POINT
162598 1273037631 6.967901530927801 51.02980997834947 #INTERPOLATE POINT
162598 1273037632 6.9678419381442955 51.02980884329792 #INTERPOLATE POINT
162598 1273037633 6.96778234536079 51.02980770824637 #INTERPOLATE POINT
162598 1273037634 6.967722752577285 51.029806573194826 #INTERPOLATE POINT
162598 1273037635 6.96766315979378 51.02980543814328 #INTERPOLATE POINT
162598 1273037636 6.967603567010275 51.02980430309173 #INTERPOLATE POINT
162598 1273037637 6.9675439742267695 51.02980316804018 #INTERPOLATE POINT
162598 1273037638 6.967484381443264 51.029802032988634 #INTERPOLATE POINT
162598 1273037639 6.967424788659759 51.029800897937086 #INTERPOLATE POINT
162598 1273037640 6.967365195876254 51.02979976288554 #INTERPOLATE POINT
162598 1273037641 6.967305603092749 51.02979862783399 #INTERPOLATE POINT
162598 1273037642 6.9672460103092435 51.02979749278244 #INTERPOLATE POINT
162598 1273037643 6.967186417525738 51.029796357730895 #INTERPOLATE POINT
162598 1273037644 6.967126824742233 51.02979522267935 #INTERPOLATE POINT
162598 1273037645 6.967067231958728 51.0297940876278 #INTERPOLATE POINT
162598 1273037646 6.967007639175223 51.02979295257625 #INTERPOLATE POINT
162598 1273037647 6.9669480463917175 51.0297918175247 #INTERPOLATE POINT
162598 1273037648 6.966888453608212 51.029790682473156 #INTERPOLATE POINT
162598 1273037649 6.966828860824707 51.02978954742161 #INTERPOLATE POINT
162598 1273037650 6.966769268041202 51.02978841237006 #INTERPOLATE POINT
162598 1273037651 6.966709675257697 51.02978727731851 #INTERPOLATE POINT
162598 1273037652 6.9666500824741915 51.029786142266964 #INTERPOLATE POINT
162598 1273037653 6.966590489690686 51.029785007215416 #INTERPOLATE POINT
162598 1273037654 6.966530896907181 51.02978387216387 #INTERPOLATE POINT
162598 1273037655 6.966471304123676 51.02978273711232 #INTERPOLATE POINT
162598 1273037656 6.966411711340171 51.02978160206077 #INTERPOLATE POINT
162598 1273037657 6.9663521185566655 51.029780467009225 #INTERPOLATE POINT
162598 1273037658 6.96629252577316 51.02977933195768 #INTERPOLATE POINT
162598 1273037659 6.966232932989655 51.02977819690613 #INTERPOLATE POINT
162598 1273037660 6.96617334020615 51.02977706185458 #INTERPOLATE POINT
162598 1273037661 6.966113747422645 51.02977592680303 #INTERPOLATE POINT
162598 1273037662 6.9660541546391395 51.029774791751485 #INTERPOLATE POINT
162598 1273037663 6.965994561855634 51.02977365669994 #INTERPOLATE POINT
162598 1273037664 6.965934969072129 51.02977252164839 #INTERPOLATE POINT
162598 1273037665 6.965875376288624 51.02977138659684 #INTERPOLATE POINT
162598 1273037666 6.965815783505119 51.029770251545294 #INTERPOLATE POINT
162598 1273037667 6.9657561907216135 51.029769116493746 #INTERPOLATE POINT
162598 1273037668 6.965696597938108 51.0297679814422 #INTERPOLATE POINT
162598 1273037669 6.965637005154603 51.02976684639065 #INTERPOLATE POINT
162598 1273037670 6.965577412371098 51.0297657113391 #INTERPOLATE POINT
162598 1273037671 6.965517819587593 51.029764576287555 #INTERPOLATE POINT
162598 1273037672 6.965458226804087 51.02976344123601 #INTERPOLATE POINT
162598 1273037673 6.965398634020582 51.02976230618446 #INTERPOLATE POINT
162598 1273037674 6.965339041237077 51.02976117113291 #INTERPOLATE POINT
162598 1273037675 6.965279448453572 51.02976003608136 #INTERPOLATE POINT
162598 1273037676 6.965219855670067 51.029758901029815 #INTERPOLATE POINT
162598 1273037677 6.965160262886561 51.02975776597827 #INTERPOLATE POINT
162598 1273037678 6.965100670103056 51.02975663092672 #INTERPOLATE POINT
162598 1273037679 6.965041077319551 51.02975549587517 #INTERPOLATE POINT
162598 1273037680 6.964981484536046 51.029754360823624 #INTERPOLATE POINT
162598 1273037681 6.964921891752541 51.029753225772076 #INTERPOLATE POINT
162598 1273037682 6.964862298969035 51.02975209072053 #INTERPOLATE POINT
162598 1273037683 6.96480270618553 51.02975095566898 #INTERPOLATE POINT
162598 1273037684 6.964743113402025 51.02974982061743 #INTERPOLATE POINT
162598 1273037685 6.96468352061852 51.029748685565885 #INTERPOLATE POINT
162598 1273037686 6.964623927835015 51.02974755051434 #INTERPOLATE POINT
162598 1273037687 6.964564335051509 51.02974641546279 #INTERPOLATE POINT
162598 1273037688 6.964504742268004 51.02974528041124 #INTERPOLATE POINT
162598 1273037689 6.964445149484499 51.02974414535969 #INTERPOLATE POINT
162598 1273037690 6.964385556700994 51.029743010308145 #INTERPOLATE POINT
162598 1273037691 6.964325963917489 51.0297418752566 #INTERPOLATE POINT
162598 1273037692 6.964266371133983 51.02974074020505 #INTERPOLATE POINT
162598 1273037693 6.964206778350478 51.0297396051535 #INTERPOLATE POINT
162598 1273037694 6.964147185566973 51.029738470101954 #INTERPOLATE POINT
162598 1273037695 6.964087592783468 51.029737335050406 #INTERPOLATE POINT
162598 1273037696 6.964027999999963 51.02973619999886 #INTERPOLATE POINT
162598 1273037697 6.963968407216457 51.02973506494731 #INTERPOLATE POINT
162598 1273037698 6.963908814432952 51.02973392989576 #INTERPOLATE POINT
162598 1273037699 6.963849221649447 51.029732794844215 #INTERPOLATE POINT
162598 1273037700 6.963789628865942 51.02973165979267 #INTERPOLATE POINT
162598 1273037701 6.963730036082437 51.02973052474112 #INTERPOLATE POINT
162598 1273037702 6.963670443298931 51.02972938968957 #INTERPOLATE POINT
162598 1273037703 6.963610850515426 51.02972825463802 #INTERPOLATE POINT
162598 1273037704 6.963551257731921 51.029727119586475 #INTERPOLATE POINT
162598 1273037705 6.963491664948416 51.02972598453493 #INTERPOLATE POINT
162598 1273037706 6.963432072164911 51.02972484948338 #INTERPOLATE POINT
162598 1273037707 6.963372479381405 51.02972371443183 #INTERPOLATE POINT
162598 1273037708 6.9633128865979 51.029722579380284 #INTERPOLATE POINT
162598 1273037709 6.963253293814395 51.029721444328736 #INTERPOLATE POINT
162598 1273037710 6.96319370103089 51.02972030927719 #INTERPOLATE POINT
162598 1273037711 6.9631341082473845 51.02971917422564 #INTERPOLATE POINT
162598 1273037712 6.963074515463879 51.02971803917409 #INTERPOLATE POINT
162598 1273037713 6.963014922680374 51.029716904122544 #INTERPOLATE POINT
162598 1273037714 6.962955329896869 51.029715769071 #INTERPOLATE POINT
162598 1273037715 6.962895737113364 51.02971463401945 #INTERPOLATE POINT
162598 1273037716 6.9628361443298585 51.0297134989679 #INTERPOLATE POINT
162598 1273037717 6.962776551546353 51.02971236391635 #INTERPOLATE POINT
162598 1273037718 6.962716958762848 51.029711228864805 #INTERPOLATE POINT
162598 1273037719 6.962657365979343 51.02971009381326 #INTERPOLATE POINT
162598 1273037720 6.962597773195838 51.02970895876171 #INTERPOLATE POINT
162598 1273037721 6.9625381804123325 51.02970782371016 #INTERPOLATE POINT
162598 1273037722 6.962478587628827 51.029706688658614 #INTERPOLATE POINT
162598 1273037723 6.962418994845322 51.029705553607066 #INTERPOLATE POINT
162598 1273037724 6.962359402061817 51.02970441855552 #INTERPOLATE POINT
162598 1273037725 6.962299809278312 51.02970328350397 #INTERPOLATE POINT
162598 1273037726 6.9622402164948065 51.02970214845242 #INTERPOLATE POINT
162598 1273037727 6.962180623711301 51.029701013400874 #INTERPOLATE POINT
162598 1273037728 6.962121030927796 51.02969987834933 #INTERPOLATE POINT
162598 1273037729 6.962061438144291 51.02969874329778 #INTERPOLATE POINT
162598 1273037730 6.962001845360786 51.02969760824623 #INTERPOLATE POINT
162598 1273037731 6.9619422525772805 51.02969647319468 #INTERPOLATE POINT
162598 1273037732 6.961882659793775 51.029695338143135 #INTERPOLATE POINT
162598 1273037733 6.96182306701027 51.02969420309159 #INTERPOLATE POINT
162598 1273037734 6.961763474226765 51.02969306804004 #INTERPOLATE POINT
162598 1273037735 6.96170388144326 51.02969193298849 #INTERPOLATE POINT
162598 1273037736 6.9616442886597545 51.029690797936944 #INTERPOLATE POINT
162598 1273037737 6.961584695876249 51.029689662885396 #INTERPOLATE POINT
162598 1273037738 6.961525103092744 51.02968852783385 #INTERPOLATE POINT
162598 1273037739 6.961465510309239 51.0296873927823 #INTERPOLATE POINT
162598 1273037740 6.961405917525734 51.02968625773075 #INTERPOLATE POINT
162598 1273037741 6.9613463247422285 51.029685122679204 #INTERPOLATE POINT
162598 1273037742 6.961286731958723 51.02968398762766 #INTERPOLATE POINT
162598 1273037743 6.961227139175218 51.02968285257611 #INTERPOLATE POINT
162598 1273037744 6.961167546391713 51.02968171752456 #INTERPOLATE POINT
162598 1273037745 6.961107953608208 51.02968058247301 #INTERPOLATE POINT
162598 1273037746 6.9610483608247025 51.029679447421465 #INTERPOLATE POINT
162598 1273037747 6.960988768041197 51.02967831236992 #INTERPOLATE POINT
162598 1273037748 6.960929175257692 51.02967717731837 #INTERPOLATE POINT
162598 1273037749 6.960869582474187 51.02967604226682 #INTERPOLATE POINT
162598 1273037750 6.960809989690682 51.02967490721527 #INTERPOLATE POINT
162598 1273037751 6.9607503969071765 51.029673772163726 #INTERPOLATE POINT
162598 1273037752 6.960690804123671 51.02967263711218 #INTERPOLATE POINT
162598 1273037753 6.960631211340166 51.02967150206063 #INTERPOLATE POINT
162598 1273037754 6.960571618556661 51.02967036700908 #INTERPOLATE POINT
162598 1273037755 6.960512025773156 51.029669231957534 #INTERPOLATE POINT
162598 1273037756 6.96045243298965 51.029668096905986 #INTERPOLATE POINT
162598 1273037757 6.960392840206145 51.02966696185444 #INTERPOLATE POINT
162598 1273037758 6.96033324742264 51.02966582680289 #INTERPOLATE POINT
162598 1273037759 6.960273654639135 51.02966469175134 #INTERPOLATE POINT
162598 1273037760 6.96021406185563 51.029663556699795 #INTERPOLATE POINT
162598 1273037761 6.960154469072124 51.02966242164825 #INTERPOLATE POINT
162598 1273037762 6.960094876288619 51.0296612865967 #INTERPOLATE POINT
162598 1273037763 6.960035283505114 51.02966015154515 #INTERPOLATE POINT
162598 1273037764 6.959975690721609 51.0296590164936 #INTERPOLATE POINT
162598 1273037765 6.959916097938104 51.029657881442056 #INTERPOLATE POINT
162598 1273037766 6.959856505154598 51.02965674639051 #INTERPOLATE POINT
162598 1273037767 6.959796912371093 51.02965561133896 #INTERPOLATE POINT
162598 1273037768 6.959737319587588 51.02965447628741 #INTERPOLATE POINT
162598 1273037769 6.959677726804083 51.029653341235864 #INTERPOLATE POINT
162598 1273037770 6.959618134020578 51.029652206184316 #INTERPOLATE POINT
162598 1273037771 6.959558541237072 51.02965107113277 #INTERPOLATE POINT
162598 1273037772 6.959498948453567 51.02964993608122 #INTERPOLATE POINT
162598 1273037773 6.959439355670062 51.02964880102967 #INTERPOLATE POINT
162598 1273037774 6.959379762886557 51.029647665978125 #INTERPOLATE POINT
162598 1273037775 6.959320170103052 51.02964653092658 #INTERPOLATE POINT
162598 1273037776 6.959260577319546 51.02964539587503 #INTERPOLATE POINT
162598 1273037777 6.959200984536041 51.02964426082348 #INTERPOLATE POINT
162598 1273037778 6.959141391752536 51.02964312577193 #INTERPOLATE POINT
162598 1273037779 6.959081798969031 51.029641990720386 #INTERPOLATE POINT
162598 1273037780 6.959022206185526 51.02964085566884 #INTERPOLATE POINT
162598 1273037781 6.95896261340202 51.02963972061729 #INTERPOLATE POINT
162598 1273037782 6.958903020618515 51.02963858556574 #INTERPOLATE POINT
162598 1273037783 6.95884342783501 51.029637450514194 #INTERPOLATE POINT
162598 1273037784 6.958783835051505 51.029636315462646 #INTERPOLATE POINT
162598 1273037785 6.958724242268 51.0296351804111 #INTERPOLATE POINT
162598 1273037786 6.958664649484494 51.02963404535955 #INTERPOLATE POINT
162598 1273037787 6.958605056700989 51.029632910308 #INTERPOLATE POINT
162598 1273037788 6.958545463917484 51.029631775256455 #INTERPOLATE POINT
162598 1273037789 6.958485871133979 51.02963064020491 #INTERPOLATE POINT
162598 1273037790 6.958426278350474 51.02962950515336 #INTERPOLATE POINT
162598 1273037791 6.958366685566968 51.02962837010181 #INTERPOLATE POINT
162598 1273037792 6.958307092783463 51.02962723505026 #INTERPOLATE POINT
162598 1273037793 6.958247499999958 51.029626099998715 #INTERPOLATE POINT
162598 1273037794 6.958187907216453 51.02962496494717 #INTERPOLATE POINT
162598 1273037795 6.9581283144329475 51.02962382989562 #INTERPOLATE POINT
162598 1273037796 6.958068721649442 51.02962269484407 #INTERPOLATE POINT
162598 1273037797 6.958009128865937 51.029621559792524 #INTERPOLATE POINT
162598 1273037798 6.957949536082432 51.029620424740976 #INTERPOLATE POINT
162598 1273037799 6.957889943298927 51.02961928968943 #INTERPOLATE POINT
162598 1273037800 6.9578303505154215 51.02961815463788 #INTERPOLATE POINT
162598 1273037801 6.957770757731916 51.02961701958633 #INTERPOLATE POINT
162598 1273037802 6.957711164948411 51.029615884534785 #INTERPOLATE POINT
162598 1273037803 6.957651572164906 51.02961474948324 #INTERPOLATE POINT
162598 1273037804 6.957591979381401 51.02961361443169 #INTERPOLATE POINT
162598 1273037805 6.9575323865978955 51.02961247938014 #INTERPOLATE POINT
162598 1273037806 6.95747279381439 51.02961134432859 #INTERPOLATE POINT
162598 1273037807 6.957413201030885 51.029610209277045 #INTERPOLATE POINT
162598 1273037808 6.95735360824738 51.0296090742255 #INTERPOLATE POINT
162598 1273037809 6.957294015463875 51.02960793917395 #INTERPOLATE POINT
162598 1273037810 6.9572344226803695 51.0296068041224 #INTERPOLATE POINT
162598 1273037811 6.957174829896864 51.029605669070854 #INTERPOLATE POINT
162598 1273037812 6.957115237113359 51.029604534019306 #INTERPOLATE POINT
162598 1273037813 6.957055644329854 51.02960339896776 #INTERPOLATE POINT
162598 1273037814 6.956996051546349 51.02960226391621 #INTERPOLATE POINT
162598 1273037815 6.9569364587628435 51.02960112886466 #INTERPOLATE POINT
162598 1273037816 6.956876865979338 51.029599993813115 #INTERPOLATE POINT
162598 1273037817 6.956817273195833 51.02959885876157 #INTERPOLATE POINT
162598 1273037818 6.956757680412328 51.02959772371002 #INTERPOLATE POINT
162598 1273037819 6.956698087628823 51.02959658865847 #INTERPOLATE POINT
162598 1273037820 6.9566384948453175 51.02959545360692 #INTERPOLATE POINT
162598 1273037821 6.956578902061812 51.029594318555375 #INTERPOLATE POINT
162598 1273037822 6.956519309278307 51.02959318350383 #INTERPOLATE POINT
162598 1273037823 6.956459716494802 51.02959204845228 #INTERPOLATE POINT
162598 1273037824 6.956400123711297 51.02959091340073 #INTERPOLATE POINT
162598 1273037825 6.9563405309277915 51.029589778349184 #INTERPOLATE POINT
162598 1273037826 6.956280938144286 51.029588643297636 #INTERPOLATE POINT
162598 1273037827 6.956221345360781 51.02958750824609 #INTERPOLATE POINT
162598 1273037828 6.956161752577276 51.02958637319454 #INTERPOLATE POINT
162598 1273037829 6.956102159793771 51.02958523814299 #INTERPOLATE POINT
162598 1273037830 6.9560425670102655 51.029584103091445 #INTERPOLATE POINT
162598 1273037831 6.95598297422676 51.0295829680399 #INTERPOLATE POINT
162598 1273037832 6.955923381443255 51.02958183298835 #INTERPOLATE POINT
162598 1273037833 6.95586378865975 51.0295806979368 #INTERPOLATE POINT
162598 1273037834 6.955804195876245 51.02957956288525 #INTERPOLATE POINT
162598 1273037835 6.9557446030927395 51.029578427833705 #INTERPOLATE POINT
162598 1273037836 6.955685010309234 51.02957729278216 #INTERPOLATE POINT
162598 1273037837 6.955625417525729 51.02957615773061 #INTERPOLATE POINT
162598 1273037838 6.955565824742224 51.02957502267906 #INTERPOLATE POINT
162598 1273037839 6.955506231958719 51.029573887627514 #INTERPOLATE POINT
162598 1273037840 6.955446639175213 51.029572752575966 #INTERPOLATE POINT
162598 1273037841 6.955387046391708 51.02957161752442 #INTERPOLATE POINT
162598 1273037842 6.955327453608203 51.02957048247287 #INTERPOLATE POINT
162598 1273037843 6.955267860824698 51.02956934742132 #INTERPOLATE POINT
162598 1273037844 6.955208268041193 51.029568212369774 #INTERPOLATE POINT
162598 1273037845 6.955148675257687 51.02956707731823 #INTERPOLATE POINT
162598 1273037846 6.955089082474182 51.02956594226668 #INTERPOLATE POINT
162598 1273037847 6.955029489690677 51.02956480721513 #INTERPOLATE POINT
162598 1273037848 6.954969896907172 51.02956367216358 #INTERPOLATE POINT
162598 1273037849 6.954910304123667 51.029562537112035 #INTERPOLATE POINT
162598 1273037850 6.954850711340161 51.02956140206049 #INTERPOLATE POINT
162598 1273037851 6.954791118556656 51.02956026700894 #INTERPOLATE POINT
162598 1273037852 6.954731525773151 51.02955913195739 #INTERPOLATE POINT
162598 1273037853 6.954671932989646 51.029557996905844 #INTERPOLATE POINT
162598 1273037854 6.954612340206141 51.029556861854296 #INTERPOLATE POINT
162598 1273037855 6.954552747422635 51.02955572680275 #INTERPOLATE POINT
162598 1273037856 6.95449315463913 51.0295545917512 #INTERPOLATE POINT
162598 1273037857 6.954433561855625 51.02955345669965 #INTERPOLATE POINT
162598 1273037858 6.95437396907212 51.029552321648104 #INTERPOLATE POINT
162598 1273037859 6.954314376288615 51.02955118659656 #INTERPOLATE POINT
162598 1273037860 6.954254783505109 51.02955005154501 #INTERPOLATE POINT
162598 1273037861 6.954195190721604 51.02954891649346 #INTERPOLATE POINT
162598 1273037862 6.954135597938099 51.02954778144191 #INTERPOLATE POINT
162598 1273037863 6.954076005154594 51.029546646390365 #INTERPOLATE POINT
162598 1273037864 6.954016412371089 51.02954551133882 #INTERPOLATE POINT
162598 1273037865 6.953956819587583 51.02954437628727 #INTERPOLATE POINT
162598 1273037866 6.953897226804078 51.02954324123572 #INTERPOLATE POINT
162598 1273037867 6.953837634020573 51.029542106184174 #INTERPOLATE POINT
162598 1273037868 6.953778041237068 51.029540971132626 #INTERPOLATE POINT
162598 1273037869 6.953718448453563 51.02953983608108 #INTERPOLATE POINT
162598 1273037870 6.953658855670057 51.02953870102953 #INTERPOLATE POINT
162598 1273037871 6.953599262886552 51.02953756597798 #INTERPOLATE POINT
162598 1273037872 6.953539670103047 51.029536430926434 #INTERPOLATE POINT
162598 1273037873 6.953480077319542 51.02953529587489 #INTERPOLATE POINT
162598 1273037874 6.953420484536037 51.02953416082334 #INTERPOLATE POINT
162598 1273037875 6.953360891752531 51.02953302577179 #INTERPOLATE POINT
162598 1273037876 6.953301298969026 51.02953189072024 #INTERPOLATE POINT
162598 1273037877 6.953241706185521 51.029530755668695 #INTERPOLATE POINT
162598 1273037878 6.953182113402016 51.02952962061715 #INTERPOLATE POINT
162598 1273037879 6.9531225206185105 51.0295284855656 #INTERPOLATE POINT
162598 1273037880 6.953062927835005 51.02952735051405 #INTERPOLATE POINT
162598 1273037881 6.9530033350515 51.029526215462504 #INTERPOLATE POINT
162598 1273037882 6.952943742267995 51.029525080410956 #INTERPOLATE POINT
162598 1273037883 6.95288414948449 51.02952394535941 #INTERPOLATE POINT
162598 1273037884 6.9528245567009845 51.02952281030786 #INTERPOLATE POINT
162598 1273037885 6.952764963917479 51.02952167525631 #INTERPOLATE POINT
162598 1273037886 6.952705371133974 51.029520540204764 #INTERPOLATE POINT
162598 1273037887 6.952645778350469 51.029519405153216 #INTERPOLATE POINT
162598 1273037888 6.952586185566964 51.02951827010167 #INTERPOLATE POINT
162598 1273037889 6.9525265927834585 51.02951713505012 #INTERPOLATE POINT
162598 1273037890 6.952467 51.029516 #LAST INTERPOLATE POINT
162598 1273037891 6.952171600000001 51.029355100000004 #INTERPOLATE POINT
162598 1273037892 6.951876200000001 51.029194200000006 #INTERPOLATE POINT
162598 1273037893 6.951580800000001 51.02903330000001 #INTERPOLATE POINT
162598 1273037894 6.9512854000000015 51.02887240000001 #INTERPOLATE POINT
162598 1273037895 6.950990000000002 51.028711500000014 #INTERPOLATE POINT
162598 1273037896 6.950694600000002 51.02855060000002 #INTERPOLATE POINT
162598 1273037897 6.950399200000002 51.02838970000002 #INTERPOLATE POINT
162598 1273037898 6.950103800000003 51.02822880000002 #INTERPOLATE POINT
162598 1273037899 6.949808400000003 51.028067900000025 #INTERPOLATE POINT
162598 1273037900 6.949513 51.027907 #LAST INTERPOLATE POINT
162598 1273037900 6.949513 51.027907 #NO INTERPOLATE
162598 1273037901 6.949202571428571 51.02773142857143 #INTERPOLATE POINT
162598 1273037902 6.948892142857142 51.02755585714286 #INTERPOLATE POINT
162598 1273037903 6.948581714285713 51.02738028571429 #INTERPOLATE POINT
162598 1273037904 6.948271285714284 51.027204714285716 #INTERPOLATE POINT
162598 1273037905 6.9479608571428555 51.027029142857145 #INTERPOLATE POINT
162598 1273037906 6.947650428571427 51.026853571428575 #INTERPOLATE POINT
162598 1273037907 6.94734 51.026678 #LAST INTERPOLATE POINT
162598 1273037908 6.9470149999999995 51.026536666666665 #INTERPOLATE POINT
162598 1273037909 6.946689999999999 51.02639533333333 #INTERPOLATE POINT
162598 1273037910 6.946365 51.026254 #LAST INTERPOLATE POINT
162598 1273037910 6.946562 51.026339 #NO INTERPOLATE
162598 1273037910 6.946562 51.026339 #NO INTERPOLATE
162598 1273037911 6.9461478 51.0261336 #INTERPOLATE POINT
162598 1273037912 6.9459306000000005 51.0260132 #INTERPOLATE POINT
162598 1273037913 6.945713400000001 51.0258928 #INTERPOLATE POINT
162598 1273037914 6.945496200000001 51.0257724 #INTERPOLATE POINT
162598 1273037915 6.945279000000001 51.025652 #INTERPOLATE POINT
162598 1273037916 6.945061800000001 51.0255316 #INTERPOLATE POINT
162598 1273037917 6.9448446000000015 51.0254112 #INTERPOLATE POINT
162598 1273037918 6.944627400000002 51.0252908 #INTERPOLATE POINT
162598 1273037919 6.944410200000002 51.0251704 #INTERPOLATE POINT
162598 1273037920 6.944193 51.02505 #LAST INTERPOLATE POINT
162598 1273037920 6.944193 51.02505 #NO INTERPOLATE
162598 1273037921 6.9440536 51.024973700000004 #INTERPOLATE POINT
162598 1273037922 6.9439142 51.0248974 #INTERPOLATE POINT
162598 1273037923 6.9437748 51.0248211 #INTERPOLATE POINT
162598 1273037924 6.9436354 51.02474479999999 #INTERPOLATE POINT
162598 1273037925 6.943496 51.02466849999999 #INTERPOLATE POINT
162598 1273037926 6.9433565999999995 51.02459219999999 #INTERPOLATE POINT
162598 1273037927 6.943217199999999 51.02451589999998 #INTERPOLATE POINT
162598 1273037928 6.943077799999999 51.02443959999998 #INTERPOLATE POINT
162598 1273037929 6.942938399999999 51.024363299999976 #INTERPOLATE POINT
162598 1273037930 6.942799 51.024287 #LAST INTERPOLATE POINT
162598 1273037930 6.942799 51.024287 #NO INTERPOLATE
162598 1273037931 6.9425934 51.0241768 #INTERPOLATE POINT
162598 1273037932 6.9423878 51.0240666 #INTERPOLATE POINT
162598 1273037933 6.9421821999999995 51.023956399999996 #INTERPOLATE POINT
162598 1273037934 6.941976599999999 51.023846199999994 #INTERPOLATE POINT
162598 1273037935 6.941771 51.023736 #LAST INTERPOLATE POINT
162598 1273037936 6.9416076 51.0236796 #INTERPOLATE POINT
162598 1273037937 6.9414442 51.0236232 #INTERPOLATE POINT
162598 1273037938 6.9412808 51.023566800000005 #INTERPOLATE POINT
162598 1273037939 6.9411174 51.023510400000006 #INTERPOLATE POINT
162598 1273037940 6.940954 51.023454 #LAST INTERPOLATE POINT
162598 1273037940 6.940954 51.023454 #NO INTERPOLATE
162598 1273037941 6.940635 51.023414 #NO INTERPOLATE
162598 1273037941 6.9406669999999995 51.023444 #INTERPOLATE POINT
162598 1273037942 6.94038 51.023434 #LAST INTERPOLATE POINT
162598 1273037943 6.940116 51.023522 #NO INTERPOLATE
162598 1273037943 6.9401335 51.0236095 #INTERPOLATE POINT
162598 1273037944 6.939887 51.023785 #LAST INTERPOLATE POINT
162598 1273037944 6.93995 51.023662 #NO INTERPOLATE
162598 1273037945 6.939887 51.023979 #NO INTERPOLATE
162598 1273037945 6.9399765 51.0239935 #INTERPOLATE POINT
162598 1273037946 6.940066 51.024202 #LAST INTERPOLATE POINT
162598 1273037947 6.940222 51.024313 #INTERPOLATE POINT
162598 1273037948 6.940378000000001 51.024423999999996 #INTERPOLATE POINT
162598 1273037949 6.940534 51.024535 #LAST INTERPOLATE POINT
162598 1273037949 6.940695 51.024583 #NO INTERPOLATE
162598 1273037950 6.940695 51.024583 #NO INTERPOLATE
162598 1273037950 6.9407033333333334 51.02456133333333 #INTERPOLATE POINT
162598 1273037951 6.9408726666666665 51.02458766666666 #INTERPOLATE POINT
162598 1273037952 6.941042 51.024614 #LAST INTERPOLATE POINT
162598 1273037953 6.9412095 51.024609 #INTERPOLATE POINT
162598 1273037954 6.941377 51.024604 #LAST INTERPOLATE POINT
162598 1273037955 6.941497333333333 51.024554499999994 #INTERPOLATE POINT
162598 1273037956 6.941617666666667 51.02450499999999 #INTERPOLATE POINT
162598 1273037957 6.941738 51.02445549999999 #INTERPOLATE POINT
162598 1273037958 6.941858333333333 51.024405999999985 #INTERPOLATE POINT
162598 1273037959 6.9419786666666665 51.02435649999998 #INTERPOLATE POINT
162598 1273037960 6.942099 51.024307 #LAST INTERPOLATE POINT
162598 1273037960 6.942099 51.024307 #NO INTERPOLATE
162598 1273037961 6.9423302 51.024194 #INTERPOLATE POINT
162598 1273037962 6.9425614 51.024081 #INTERPOLATE POINT
162598 1273037963 6.9427926 51.023968 #INTERPOLATE POINT
162598 1273037964 6.9430238 51.023855000000005 #INTERPOLATE POINT
162598 1273037965 6.943255 51.023742 #LAST INTERPOLATE POINT
162598 1273037966 6.9434344 51.023637799999996 #INTERPOLATE POINT
162598 1273037967 6.9436138000000005 51.02353359999999 #INTERPOLATE POINT
162598 1273037968 6.943793200000001 51.02342939999999 #INTERPOLATE POINT
162598 1273037969 6.943972600000001 51.02332519999999 #INTERPOLATE POINT
162598 1273037970 6.944152 51.023221 #LAST INTERPOLATE POINT
162598 1273037970 6.944152 51.023221 #NO INTERPOLATE
162598 1273037971 6.944488 51.022966 #NO INTERPOLATE
162598 1273037971 6.9443385 51.02305966666667 #INTERPOLATE POINT
162598 1273037972 6.944525 51.02289833333334 #INTERPOLATE POINT
162598 1273037973 6.9447114999999995 51.022737000000006 #INTERPOLATE POINT
162598 1273037974 6.944897999999999 51.022575666666675 #INTERPOLATE POINT
162598 1273037975 6.945084499999999 51.022414333333344 #INTERPOLATE POINT
162598 1273037976 6.945271 51.022253 #LAST INTERPOLATE POINT
162598 1273037977 6.9454192500000005 51.022086 #INTERPOLATE POINT
162598 1273037978 6.945567500000001 51.021919000000004 #INTERPOLATE POINT
162598 1273037979 6.9457157500000015 51.021752000000006 #INTERPOLATE POINT
162598 1273037980 6.945864 51.021585 #LAST INTERPOLATE POINT
162598 1273037980 6.945864 51.021585 #NO INTERPOLATE
162598 1273037980 6.946257 51.021049 #NO INTERPOLATE
162598 1273037980 6.946481 51.020519 #NO INTERPOLATE
162598 1273037981 6.945466 51.02053 #NO INTERPOLATE
162598 1273037981 6.945592 51.020363 #NO INTERPOLATE
162598 1273037981 6.945717 51.020243 #NO INTERPOLATE
162598 1273037981 6.945849 51.020194 #NO INTERPOLATE
162598 1273037981 6.946184 51.020178 #NO INTERPOLATE
162598 1273037981 6.946383 51.020254 #NO INTERPOLATE
162598 1273037981 6.946478 51.020364 #NO INTERPOLATE
162598 1273037981 6.9455884999999995 51.021249499999996 #INTERPOLATE POINT
162598 1273037982 6.945313 51.020914 #LAST INTERPOLATE POINT
162598 1273037982 6.945359 51.021052 #NO INTERPOLATE
162598 1273037982 6.945455 51.021117 #NO INTERPOLATE
162598 1273037983 6.946602 51.021376000000004 #INTERPOLATE POINT
162598 1273037984 6.947891 51.021838 #LAST INTERPOLATE POINT
162598 1273037984 6.948672 51.022106 #NO INTERPOLATE
162598 1273037985 6.948578 51.022156 #NO INTERPOLATE
162598 1273037985 6.948642 51.02221 #NO INTERPOLATE
162598 1273037985 6.948681 51.022378 #NO INTERPOLATE
162598 1273037985 6.948787 51.022426 #NO INTERPOLATE
162598 1273037985 6.948925 51.022442 #NO INTERPOLATE
162598 1273037985 6.949027 51.022422 #NO INTERPOLATE
162598 1273037985 6.94903 51.022102 #NO INTERPOLATE
162598 1273037985 6.949145 51.022181 #NO INTERPOLATE
162598 1273037985 6.949155 51.022324 #NO INTERPOLATE
162598 1273037985 6.9477985 51.0218165 #INTERPOLATE POINT
162598 1273037986 6.947706 51.021795 #LAST INTERPOLATE POINT
162598 1273037986 6.948145 51.021968 #NO INTERPOLATE
162598 1273037987 6.9465094999999994 51.0213545 #INTERPOLATE POINT
162598 1273037988 6.945313 51.020914 #LAST INTERPOLATE POINT
162598 1273037988 6.945359 51.021052 #NO INTERPOLATE
162598 1273037988 6.945455 51.021117 #NO INTERPOLATE
162598 1273037988 6.945521 51.02033 #NO INTERPOLATE
162598 1273037989 6.945636 51.020222 #NO INTERPOLATE
162598 1273037989 6.945885 51.020114 #NO INTERPOLATE
162598 1273037989 6.946435 51.020012 #NO INTERPOLATE
162598 1273037989 6.946641 51.019917 #NO INTERPOLATE
162598 1273037989 6.946061 51.0203205 #INTERPOLATE POINT
162598 1273037990 6.946809 51.019727 #LAST INTERPOLATE POINT
162598 1273037991 6.946904 51.0194925 #INTERPOLATE POINT
162598 1273037992 6.946999 51.019258 #LAST INTERPOLATE POINT
162598 1273037993 6.94702575 51.0190555 #INTERPOLATE POINT
162598 1273037994 6.9470525 51.018853 #INTERPOLATE POINT
162598 1273037995 6.94707925 51.0186505 #INTERPOLATE POINT
162598 1273037996 6.947106 51.018448 #LAST INTERPOLATE POINT
162598 1273037997 6.947112 51.01826725 #INTERPOLATE POINT
162598 1273037998 6.947118 51.0180865 #INTERPOLATE POINT
162598 1273037999 6.947124 51.017905750000004 #INTERPOLATE POINT
162598 1273038000 6.94713 51.017725 #LAST INTERPOLATE POINT
162598 1273038000 6.94713 51.017725 #NO INTERPOLATE
162598 1273038001 6.947130899999999 51.0174812 #INTERPOLATE POINT
162598 1273038002 6.947131799999999 51.0172374 #INTERPOLATE POINT
162598 1273038003 6.947132699999999 51.0169936 #INTERPOLATE POINT
162598 1273038004 6.947133599999999 51.0167498 #INTERPOLATE POINT
162598 1273038005 6.947134499999999 51.016506 #INTERPOLATE POINT
162598 1273038006 6.947135399999999 51.0162622 #INTERPOLATE POINT
162598 1273038007 6.947136299999999 51.0160184 #INTERPOLATE POINT
162598 1273038008 6.9471371999999985 51.0157746 #INTERPOLATE POINT
162598 1273038009 6.947138099999998 51.0155308 #INTERPOLATE POINT
162598 1273038010 6.947139 51.015287 #LAST INTERPOLATE POINT
162598 1273038010 6.947139 51.015287 #NO INTERPOLATE
162598 1273038011 6.9471378 51.0150405 #INTERPOLATE POINT
162598 1273038012 6.9471366 51.014793999999995 #INTERPOLATE POINT
162598 1273038013 6.9471354000000005 51.01454749999999 #INTERPOLATE POINT
162598 1273038014 6.947134200000001 51.01430099999999 #INTERPOLATE POINT
162598 1273038015 6.947133000000001 51.014054499999986 #INTERPOLATE POINT
162598 1273038016 6.947131800000001 51.01380799999998 #INTERPOLATE POINT
162598 1273038017 6.947130600000001 51.01356149999998 #INTERPOLATE POINT
162598 1273038018 6.9471294000000015 51.01331499999998 #INTERPOLATE POINT
162598 1273038019 6.947128200000002 51.013068499999974 #INTERPOLATE POINT
162598 1273038020 6.947127 51.012822 #LAST INTERPOLATE POINT
162598 1273038020 6.947127 51.012822 #NO INTERPOLATE
162598 1273038021 6.9471259 51.0125751 #INTERPOLATE POINT
162598 1273038022 6.947124799999999 51.0123282 #INTERPOLATE POINT
162598 1273038023 6.947123699999999 51.0120813 #INTERPOLATE POINT
162598 1273038024 6.947122599999998 51.0118344 #INTERPOLATE POINT
162598 1273038025 6.947121499999998 51.0115875 #INTERPOLATE POINT
162598 1273038026 6.9471203999999975 51.0113406 #INTERPOLATE POINT
162598 1273038027 6.947119299999997 51.011093699999996 #INTERPOLATE POINT
162598 1273038028 6.947118199999997 51.010846799999996 #INTERPOLATE POINT
162598 1273038029 6.947117099999996 51.010599899999995 #INTERPOLATE POINT
162598 1273038030 6.947116 51.010353 #LAST INTERPOLATE POINT
162598 1273038030 6.947116 51.010353 #NO INTERPOLATE
162598 1273038031 6.9471148000000005 51.0101073 #INTERPOLATE POINT
162598 1273038032 6.947113600000001 51.0098616 #INTERPOLATE POINT
162598 1273038033 6.947112400000001 51.0096159 #INTERPOLATE POINT
162598 1273038034 6.947111200000001 51.0093702 #INTERPOLATE POINT
162598 1273038035 6.947110000000001 51.0091245 #INTERPOLATE POINT
162598 1273038036 6.947108800000001 51.0088788 #INTERPOLATE POINT
162598 1273038037 6.947107600000002 51.0086331 #INTERPOLATE POINT
162598 1273038038 6.947106400000002 51.0083874 #INTERPOLATE POINT
162598 1273038039 6.947105200000002 51.008141699999996 #INTERPOLATE POINT
162598 1273038040 6.947104 51.007896 #LAST INTERPOLATE POINT
162598 1273038040 6.947104 51.007896 #NO INTERPOLATE
162598 1273038041 6.9471029 51.0076497 #INTERPOLATE POINT
162598 1273038042 6.9471017999999995 51.0074034 #INTERPOLATE POINT
162598 1273038043 6.947100699999999 51.0071571 #INTERPOLATE POINT
162598 1273038044 6.947099599999999 51.0069108 #INTERPOLATE POINT
162598 1273038045 6.947098499999998 51.0066645 #INTERPOLATE POINT
162598 1273038046 6.947097399999998 51.0064182 #INTERPOLATE POINT
162598 1273038047 6.9470962999999974 51.0061719 #INTERPOLATE POINT
162598 1273038048 6.947095199999997 51.0059256 #INTERPOLATE POINT
162598 1273038049 6.947094099999997 51.0056793 #INTERPOLATE POINT
162598 1273038050 6.947093 51.005433 #LAST INTERPOLATE POINT
162598 1273038050 6.947093 51.005433 #NO INTERPOLATE
162598 1273038051 6.9470898 51.0051699 #INTERPOLATE POINT
162598 1273038052 6.9470866 51.0049068 #INTERPOLATE POINT
162598 1273038053 6.9470833999999995 51.0046437 #INTERPOLATE POINT
162598 1273038054 6.947080199999999 51.004380600000005 #INTERPOLATE POINT
162598 1273038055 6.947076999999999 51.00411750000001 #INTERPOLATE POINT
162598 1273038056 6.947073799999999 51.00385440000001 #INTERPOLATE POINT
162598 1273038057 6.947070599999999 51.00359130000001 #INTERPOLATE POINT
162598 1273038058 6.947067399999999 51.00332820000001 #INTERPOLATE POINT
162598 1273038059 6.947064199999999 51.003065100000015 #INTERPOLATE POINT
162598 1273038060 6.947061 51.002802 #LAST INTERPOLATE POINT
162598 1273038060 6.947061 51.002802 #NO INTERPOLATE
162598 1273038061 6.9470592 51.0025558 #INTERPOLATE POINT
162598 1273038062 6.9470574 51.002309600000004 #INTERPOLATE POINT
162598 1273038063 6.9470556000000006 51.002063400000004 #INTERPOLATE POINT
162598 1273038064 6.947053800000001 51.001817200000005 #INTERPOLATE POINT
162598 1273038065 6.947052000000001 51.001571000000006 #INTERPOLATE POINT
162598 1273038066 6.947050200000001 51.001324800000006 #INTERPOLATE POINT
162598 1273038067 6.947048400000002 51.00107860000001 #INTERPOLATE POINT
162598 1273038068 6.947046600000002 51.00083240000001 #INTERPOLATE POINT
162598 1273038069 6.947044800000002 51.00058620000001 #INTERPOLATE POINT
162598 1273038070 6.947043 51.00034 #LAST INTERPOLATE POINT
162598 1273038070 6.947043 51.00034 #NO INTERPOLATE
162598 1273038071 6.9470282 51.0001824 #INTERPOLATE POINT
162598 1273038072 6.9470134 51.0000248 #INTERPOLATE POINT
162598 1273038073 6.946998600000001 50.9998672 #INTERPOLATE POINT
162598 1273038074 6.946983800000001 50.999709599999996 #INTERPOLATE POINT
162598 1273038075 6.946969000000001 50.999551999999994 #INTERPOLATE POINT
162598 1273038076 6.946954200000001 50.99939439999999 #INTERPOLATE POINT
162598 1273038077 6.9469394000000015 50.99923679999999 #INTERPOLATE POINT
162598 1273038078 6.946924600000002 50.99907919999999 #INTERPOLATE POINT
162598 1273038079 6.946909800000002 50.99892159999999 #INTERPOLATE POINT
162598 1273038080 6.946895 50.998764 #LAST INTERPOLATE POINT
162598 1273038080 6.946895 50.998764 #NO INTERPOLATE
162598 1273038081 6.946875599999999 50.9986457 #INTERPOLATE POINT
162598 1273038082 6.946856199999999 50.9985274 #INTERPOLATE POINT
162598 1273038083 6.946836799999999 50.9984091 #INTERPOLATE POINT
162598 1273038084 6.946817399999999 50.99829080000001 #INTERPOLATE POINT
162598 1273038085 6.9467979999999985 50.99817250000001 #INTERPOLATE POINT
162598 1273038086 6.946778599999998 50.99805420000001 #INTERPOLATE POINT
162598 1273038087 6.946759199999998 50.997935900000016 #INTERPOLATE POINT
162598 1273038088 6.946739799999998 50.99781760000002 #INTERPOLATE POINT
162598 1273038089 6.946720399999998 50.99769930000002 #INTERPOLATE POINT
162598 1273038090 6.946701 50.997581 #LAST INTERPOLATE POINT
162598 1273038090 6.946701 50.997581 #NO INTERPOLATE
162598 1273038091 6.946689 50.99745875 #INTERPOLATE POINT
162598 1273038092 6.946677 50.9973365 #INTERPOLATE POINT
162598 1273038093 6.946665 50.997214250000006 #INTERPOLATE POINT
162598 1273038094 6.946653 50.997092 #LAST INTERPOLATE POINT
162598 1273038095 6.946658 50.996973000000004 #INTERPOLATE POINT
162598 1273038096 6.946663 50.996854000000006 #INTERPOLATE POINT
162598 1273038097 6.946668 50.99673500000001 #INTERPOLATE POINT
162598 1273038098 6.946673 50.99661600000001 #INTERPOLATE POINT
162598 1273038099 6.9466779999999995 50.99649700000001 #INTERPOLATE POINT
162598 1273038100 6.946683 50.996378 #LAST INTERPOLATE POINT
162598 1273038100 6.946683 50.996378 #NO INTERPOLATE
162598 1273038101 6.946708166666667 50.99626083333333 #INTERPOLATE POINT
162598 1273038102 6.946733333333334 50.99614366666666 #INTERPOLATE POINT
162598 1273038103 6.946758500000001 50.99602649999999 #INTERPOLATE POINT
162598 1273038104 6.9467836666666685 50.99590933333332 #INTERPOLATE POINT
162598 1273038105 6.9468088333333355 50.995792166666654 #INTERPOLATE POINT
162598 1273038106 6.946834 50.995675 #LAST INTERPOLATE POINT
162598 1273038107 6.946826 50.995594 #NO INTERPOLATE
162598 1273038107 6.94679775 50.9955995 #INTERPOLATE POINT
162598 1273038108 6.9467615 50.995523999999996 #INTERPOLATE POINT
162598 1273038109 6.94672525 50.995448499999995 #INTERPOLATE POINT
162598 1273038110 6.946689 50.995373 #LAST INTERPOLATE POINT
162598 1273038110 6.946689 50.995373 #NO INTERPOLATE
162598 1273038111 6.9466495 50.995304250000004 #INTERPOLATE POINT
162598 1273038112 6.946610000000001 50.99523550000001 #INTERPOLATE POINT
162598 1273038113 6.946570500000001 50.99516675000001 #INTERPOLATE POINT
162598 1273038114 6.946531 50.995098 #LAST INTERPOLATE POINT
162598 1273038115 6.946527333333334 50.995029 #INTERPOLATE POINT
162598 1273038116 6.946523666666668 50.994960000000006 #INTERPOLATE POINT
162598 1273038117 6.946520000000001 50.99489100000001 #INTERPOLATE POINT
162598 1273038118 6.946516333333335 50.99482200000001 #INTERPOLATE POINT
162598 1273038119 6.946512666666669 50.99475300000002 #INTERPOLATE POINT
162598 1273038120 6.946509 50.994684 #LAST INTERPOLATE POINT
162598 1273038120 6.946509 50.994684 #NO INTERPOLATE
162598 1273038121 6.946509 50.994565 #NO INTERPOLATE
162598 1273038121 6.9465354999999995 50.9945955 #INTERPOLATE POINT
162598 1273038122 6.946562 50.994507 #INTERPOLATE POINT
162598 1273038123 6.946588500000001 50.994418499999995 #INTERPOLATE POINT
162598 1273038124 6.946615 50.99433 #LAST INTERPOLATE POINT
162598 1273038125 6.9466728 50.994256199999995 #INTERPOLATE POINT
162598 1273038126 6.9467305999999995 50.99418239999999 #INTERPOLATE POINT
162598 1273038127 6.946788399999999 50.99410859999999 #INTERPOLATE POINT
162598 1273038128 6.946846199999999 50.99403479999999 #INTERPOLATE POINT
162598 1273038129 6.946904 50.993961 #LAST INTERPOLATE POINT
162598 1273038130 6.946904 50.993961 #NO INTERPOLATE
162598 1273038130 6.946975666666667 50.99389466666666 #INTERPOLATE POINT
162598 1273038131 6.947047333333334 50.993828333333326 #INTERPOLATE POINT
162598 1273038132 6.947119 50.993762 #LAST INTERPOLATE POINT
162598 1273038133 6.94718875 50.99372674999999 #INTERPOLATE POINT
162598 1273038134 6.947258499999999 50.9936915 #INTERPOLATE POINT
162598 1273038135 6.947328249999999 50.99365625 #INTERPOLATE POINT
162598 1273038136 6.947398 50.993621 #LAST INTERPOLATE POINT
162598 1273038137 6.94748975 50.9936 #INTERPOLATE POINT
162598 1273038138 6.9475815 50.993579000000004 #INTERPOLATE POINT
162598 1273038139 6.94767325 50.99355800000001 #INTERPOLATE POINT
162598 1273038140 6.947765 50.993537 #LAST INTERPOLATE POINT
162598 1273038140 6.947765 50.993537 #NO INTERPOLATE
162598 1273038141 6.9479195 50.993525000000005 #INTERPOLATE POINT
162598 1273038142 6.948074 50.993513 #LAST INTERPOLATE POINT
162598 1273038143 6.94817425 50.9935305 #INTERPOLATE POINT
162598 1273038144 6.9482745 50.993548 #INTERPOLATE POINT
162598 1273038145 6.94837475 50.993565499999995 #INTERPOLATE POINT
162598 1273038146 6.948475 50.993583 #LAST INTERPOLATE POINT
162598 1273038147 6.948551 50.993612999999996 #INTERPOLATE POINT
162598 1273038148 6.948627 50.99364299999999 #INTERPOLATE POINT
162598 1273038149 6.948703 50.99367299999999 #INTERPOLATE POINT
162598 1273038150 6.948779 50.993703 #LAST INTERPOLATE POINT
162598 1273038150 6.948779 50.993703 #NO INTERPOLATE
162598 1273038151 6.948857333333334 50.993756999999995 #INTERPOLATE POINT
162598 1273038152 6.948935666666667 50.993810999999994 #INTERPOLATE POINT
162598 1273038153 6.949014 50.993865 #LAST INTERPOLATE POINT
162598 1273038154 6.949060333333334 50.99391933333333 #INTERPOLATE POINT
162598 1273038155 6.949106666666667 50.99397366666666 #INTERPOLATE POINT
162598 1273038156 6.949153 50.994028 #LAST INTERPOLATE POINT
162598 1273038157 6.94917175 50.99410225 #INTERPOLATE POINT
162598 1273038158 6.949190499999999 50.994176499999995 #INTERPOLATE POINT
162598 1273038159 6.949209249999999 50.99425074999999 #INTERPOLATE POINT
162598 1273038160 6.949228 50.994325 #LAST INTERPOLATE POINT
162598 1273038160 6.949228 50.994325 #NO INTERPOLATE
162598 1273038161 6.94921575 50.9944185 #INTERPOLATE POINT
162598 1273038162 6.949203499999999 50.994512 #INTERPOLATE POINT
162598 1273038163 6.949191249999999 50.9946055 #INTERPOLATE POINT
162598 1273038164 6.949179 50.994699 #LAST INTERPOLATE POINT
162598 1273038165 6.9491309999999995 50.994818499999994 #INTERPOLATE POINT
162598 1273038166 6.949083 50.994938 #LAST INTERPOLATE POINT
162598 1273038167 6.949044 50.99499725 #INTERPOLATE POINT
162598 1273038168 6.949005 50.9950565 #INTERPOLATE POINT
162598 1273038169 6.9489659999999995 50.99511575 #INTERPOLATE POINT
162598 1273038170 6.948927 50.995175 #LAST INTERPOLATE POINT
162598 1273038170 6.948927 50.995175 #NO INTERPOLATE
162598 1273038171 6.948855333333333 50.99525633333334 #INTERPOLATE POINT
162598 1273038172 6.9487836666666665 50.99533766666667 #INTERPOLATE POINT
162598 1273038173 6.948712 50.995419 #LAST INTERPOLATE POINT
162598 1273038174 6.948641 50.99546475 #INTERPOLATE POINT
162598 1273038175 6.94857 50.995510499999995 #INTERPOLATE POINT
162598 1273038176 6.948499 50.99555624999999 #INTERPOLATE POINT
162598 1273038177 6.948428 50.995602 #LAST INTERPOLATE POINT
162598 1273038178 6.948344666666666 50.995629666666666 #INTERPOLATE POINT
162598 1273038179 6.948261333333333 50.995657333333334 #INTERPOLATE POINT
162598 1273038180 6.948178 50.995685 #LAST INTERPOLATE POINT
162598 1273038180 6.948178 50.995685 #NO INTERPOLATE
162598 1273038181 6.9480528 50.995709 #INTERPOLATE POINT
162598 1273038182 6.9479276 50.995732999999994 #INTERPOLATE POINT
162598 1273038183 6.9478024 50.99575699999999 #INTERPOLATE POINT
162598 1273038184 6.947677199999999 50.99578099999999 #INTERPOLATE POINT
162598 1273038185 6.947552 50.995805 #LAST INTERPOLATE POINT
162598 1273038186 6.947441 50.995871 #NO INTERPOLATE
162598 1273038186 6.947458 50.995893499999994 #INTERPOLATE POINT
162598 1273038187 6.947364 50.995982 #LAST INTERPOLATE POINT
162598 1273038188 6.947336333333333 50.99608766666667 #INTERPOLATE POINT
162598 1273038189 6.947308666666666 50.99619333333334 #INTERPOLATE POINT
162598 1273038190 6.947281 50.996299 #LAST INTERPOLATE POINT
162598 1273038190 6.947281 50.996299 #NO INTERPOLATE
162598 1273038191 6.9472813 50.9964991 #INTERPOLATE POINT
162598 1273038192 6.9472816 50.9966992 #INTERPOLATE POINT
162598 1273038193 6.9472819 50.9968993 #INTERPOLATE POINT
162598 1273038194 6.9472822 50.9970994 #INTERPOLATE POINT
162598 1273038195 6.9472825 50.997299500000004 #INTERPOLATE POINT
162598 1273038196 6.9472828 50.997499600000005 #INTERPOLATE POINT
162598 1273038197 6.9472831 50.997699700000005 #INTERPOLATE POINT
162598 1273038198 6.9472834 50.997899800000006 #INTERPOLATE POINT
162598 1273038199 6.9472837 50.99809990000001 #INTERPOLATE POINT
162598 1273038200 6.947284 50.9983 #LAST INTERPOLATE POINT
162598 1273038200 6.947284 50.9983 #NO INTERPOLATE
162598 1273038201 6.947285142857143 50.99856871428572 #INTERPOLATE POINT
162598 1273038202 6.947286285714286 50.998837428571434 #INTERPOLATE POINT
162598 1273038203 6.947287428571429 50.99910614285715 #INTERPOLATE POINT
162598 1273038204 6.947288571428572 50.99937485714287 #INTERPOLATE POINT
162598 1273038205 6.9472897142857155 50.999643571428585 #INTERPOLATE POINT
162598 1273038206 6.947290857142859 50.9999122857143 #INTERPOLATE POINT
162598 1273038207 6.947292 51.000181 #LAST INTERPOLATE POINT
162598 1273038208 6.947275666666667 51.00037333333333 #INTERPOLATE POINT
162598 1273038209 6.947259333333334 51.00056566666666 #INTERPOLATE POINT
162598 1273038210 6.947243 51.000758 #LAST INTERPOLATE POINT
162598 1273038210 6.947243 51.000758 #NO INTERPOLATE
162598 1273038211 6.9472438 51.0010045 #INTERPOLATE POINT
162598 1273038212 6.947244599999999 51.001251 #INTERPOLATE POINT
162598 1273038213 6.947245399999999 51.001497500000006 #INTERPOLATE POINT
162598 1273038214 6.947246199999999 51.00174400000001 #INTERPOLATE POINT
162598 1273038215 6.947246999999998 51.00199050000001 #INTERPOLATE POINT
162598 1273038216 6.947247799999998 51.002237000000015 #INTERPOLATE POINT
162598 1273038217 6.947248599999997 51.00248350000002 #INTERPOLATE POINT
162598 1273038218 6.947249399999997 51.00273000000002 #INTERPOLATE POINT
162598 1273038219 6.9472501999999965 51.002976500000024 #INTERPOLATE POINT
162598 1273038220 6.947251 51.003223 #LAST INTERPOLATE POINT
